date,London_temperature,Manchester_temperature,Edinburgh_temperature
1991-01-01,5.4,5.3,5.4
1991-01-02,10.9,7.8,4.8
1991-01-03,6.4,4.0,2.7
1991-01-04,4.1,3.4,3.6
1991-01-05,6.4,4.9,3.8
1991-01-06,5.6,3.8,3.8
1991-01-07,5.9,2.3,1.0
1991-01-08,6.4,3.3,0.6
1991-01-09,6.7,4.3,0.9
1991-01-10,8.3,4.6,2.1
1991-01-11,5.5,3.6,3.0
1991-01-12,2.8,1.1,-0.8
1991-01-13,0.4,-1.8,-1.4
1991-01-14,1.4,-0.4,-0.9
1991-01-15,0.7,-0.1,0.3
1991-01-16,0.3,-0.4,-0.6
1991-01-17,5.1,4.2,2.8
1991-01-18,6.4,4.2,4.5
1991-01-19,4.6,3.7,4.1
1991-01-20,6.6,8.0,8.2
1991-01-21,6.6,4.5,3.3
1991-01-22,3.5,-0.8,4.2
1991-01-23,2.6,-0.6,5.3
1991-01-24,1.6,1.4,4.5
1991-01-25,1.5,-0.5,2.4
1991-01-26,1.9,-0.7,3.1
1991-01-27,2.5,-0.4,3.6
1991-01-28,2.2,1.7,1.4
1991-01-29,0.7,0.2,2.0
1991-01-30,0.3,-0.3,2.0
1991-01-31,1.1,0.6,-0.3
1991-02-01,2.1,0.7,1.2
1991-02-02,0.7,-0.3,2.1
1991-02-03,-0.2,0.0,1.0
1991-02-04,-0.4,-0.8,0.7
1991-02-05,0.2,-0.5,0.6
1991-02-06,-2.3,-1.3,0.5
1991-02-07,-5.3,-2.1,0.6
1991-02-08,-4.9,-0.9,0.7
1991-02-09,-8.1,-5.1,-0.3
1991-02-10,-4.1,-1.9,-2.1
1991-02-11,-2.0,-3.1,-5.4
1991-02-12,-2.0,-0.2,-1.3
1991-02-13,-1.2,-1.7,-3.9
1991-02-14,-3.5,-0.4,-0.5
1991-02-15,4.2,4.1,2.5
1991-02-16,1.4,0.2,-0.5
1991-02-17,1.0,0.4,-0.0
1991-02-18,1.1,0.2,1.4
1991-02-19,0.7,1.3,3.6
1991-02-20,4.6,4.7,5.3
1991-02-21,5.8,5.9,2.8
1991-02-22,6.0,5.0,3.4
1991-02-23,10.7,10.8,9.6
1991-02-24,10.1,9.2,6.5
1991-02-25,8.3,6.2,4.7
1991-02-26,8.7,8.3,7.1
1991-02-27,5.9,4.8,6.0
1991-02-28,5.2,4.3,2.1
1991-03-01,3.9,2.1,1.9
1991-03-02,3.6,2.5,2.1
1991-03-03,6.2,3.8,3.4
1991-03-04,6.7,4.9,3.6
1991-03-05,9.4,9.0,7.5
1991-03-06,10.3,7.8,4.5
1991-03-07,10.2,7.5,5.3
1991-03-08,11.5,9.6,5.8
1991-03-09,9.3,8.8,6.5
1991-03-10,8.8,8.8,7.4
1991-03-11,9.8,9.7,6.8
1991-03-12,10.4,10.5,7.7
1991-03-13,11.0,12.3,9.5
1991-03-14,10.0,8.8,7.8
1991-03-15,8.4,7.3,6.1
1991-03-16,10.7,10.2,9.7
1991-03-17,8.6,8.9,8.1
1991-03-18,8.5,7.7,7.5
1991-03-19,12.5,11.9,9.6
1991-03-20,10.7,10.1,7.9
1991-03-21,9.4,6.7,6.4
1991-03-22,5.4,4.4,4.0
1991-03-23,4.3,3.8,5.6
1991-03-24,5.7,6.0,5.4
1991-03-25,5.6,4.6,4.3
1991-03-26,6.7,4.9,5.1
1991-03-27,6.9,6.1,5.1
1991-03-28,7.2,6.0,4.9
1991-03-29,6.4,5.1,4.6
1991-03-30,6.0,5.9,8.2
1991-03-31,10.0,8.1,8.5
1991-04-01,9.2,8.8,9.3
1991-04-02,9.8,8.9,8.1
1991-04-03,7.9,6.2,5.8
1991-04-04,7.1,6.4,5.7
1991-04-05,7.7,6.4,6.4
1991-04-06,6.8,6.1,5.2
1991-04-07,8.6,8.0,6.8
1991-04-08,9.9,8.4,6.3
1991-04-09,9.3,9.4,8.2
1991-04-10,11.4,11.0,10.0
1991-04-11,13.3,12.2,10.3
1991-04-12,13.7,13.4,6.6
1991-04-13,11.8,8.9,6.6
1991-04-14,8.0,6.2,5.7
1991-04-15,9.8,8.0,7.6
1991-04-16,6.1,5.7,4.4
1991-04-17,5.1,4.3,4.2
1991-04-18,4.9,5.6,5.8
1991-04-19,4.3,4.6,4.0
1991-04-20,4.0,3.1,3.5
1991-04-21,5.7,5.5,6.6
1991-04-22,6.6,5.8,5.4
1991-04-23,6.6,6.9,6.9
1991-04-24,8.1,7.9,8.2
1991-04-25,8.1,8.1,8.3
1991-04-26,8.8,7.9,6.5
1991-04-27,8.3,7.7,6.7
1991-04-28,7.5,7.2,6.0
1991-04-29,6.6,6.4,6.7
1991-04-30,7.4,6.9,7.4
1991-05-01,7.8,7.7,8.4
1991-05-02,7.4,7.7,8.8
1991-05-03,6.5,6.9,7.2
1991-05-04,7.2,8.2,8.7
1991-05-05,7.1,7.4,7.5
1991-05-06,7.1,6.9,7.4
1991-05-07,8.0,7.4,6.8
1991-05-08,9.4,8.4,8.5
1991-05-09,7.4,9.5,9.6
1991-05-10,9.9,8.9,8.8
1991-05-11,11.0,8.8,10.2
1991-05-12,12.1,10.9,9.2
1991-05-13,14.2,12.9,9.2
1991-05-14,11.5,9.5,8.5
1991-05-15,10.6,9.7,10.0
1991-05-16,8.8,9.8,9.3
1991-05-17,10.0,9.6,10.6
1991-05-18,10.2,11.1,10.9
1991-05-19,13.3,12.8,11.1
1991-05-20,14.6,13.6,12.0
1991-05-21,17.4,13.7,11.5
1991-05-22,14.8,11.9,10.9
1991-05-23,12.9,12.2,11.7
1991-05-24,12.2,12.2,14.3
1991-05-25,15.0,11.3,12.6
1991-05-26,12.9,13.6,14.2
1991-05-27,12.6,13.4,12.8
1991-05-28,10.9,9.9,10.9
1991-05-29,11.2,11.4,11.5
1991-05-30,12.5,12.3,11.2
1991-05-31,11.1,11.1,9.4
1991-06-01,9.4,8.8,8.4
1991-06-02,10.2,8.5,6.9
1991-06-03,9.4,7.9,7.1
1991-06-04,9.3,8.3,8.0
1991-06-05,9.8,9.4,9.5
1991-06-06,13.3,10.5,8.9
1991-06-07,13.0,11.1,9.0
1991-06-08,12.4,10.1,10.8
1991-06-09,14.0,12.7,11.7
1991-06-10,14.0,11.7,12.3
1991-06-11,12.0,11.0,10.2
1991-06-12,14.1,13.3,11.8
1991-06-13,13.2,11.6,10.3
1991-06-14,13.1,11.3,11.9
1991-06-15,12.5,10.2,10.3
1991-06-16,11.6,10.9,11.7
1991-06-17,11.6,10.5,10.9
1991-06-18,11.2,9.3,10.2
1991-06-19,12.2,11.0,10.4
1991-06-20,13.4,11.5,12.2
1991-06-21,13.7,13.5,12.1
1991-06-22,14.7,13.4,13.4
1991-06-23,13.4,12.8,13.3
1991-06-24,13.8,14.0,13.2
1991-06-25,15.4,14.7,13.5
1991-06-26,14.7,13.3,13.0
1991-06-27,13.6,13.3,11.4
1991-06-28,14.3,12.9,13.4
1991-06-29,14.7,13.5,13.0
1991-06-30,15.9,15.9,14.7
1991-07-01,15.8,15.3,14.4
1991-07-02,15.3,15.3,13.7
1991-07-03,17.7,16.6,13.9
1991-07-04,19.3,18.7,16.0
1991-07-05,20.5,18.2,15.3
1991-07-06,19.3,19.7,15.8
1991-07-07,19.3,19.3,17.1
1991-07-08,16.9,17.0,15.8
1991-07-09,17.3,16.4,14.7
1991-07-10,17.6,17.7,16.3
1991-07-11,20.5,18.3,17.2
1991-07-12,16.6,15.3,13.4
1991-07-13,16.7,15.8,13.5
1991-07-14,16.9,14.3,13.7
1991-07-15,16.6,14.8,13.7
1991-07-16,16.0,14.3,13.7
1991-07-17,16.4,14.3,13.8
1991-07-18,15.7,14.7,13.2
1991-07-19,16.9,14.8,14.7
1991-07-20,17.6,14.3,14.0
1991-07-21,17.5,15.5,14.6
1991-07-22,18.1,18.1,15.6
1991-07-23,19.2,17.4,16.3
1991-07-24,15.3,14.2,15.0
1991-07-25,15.9,16.9,16.3
1991-07-26,17.8,16.4,15.8
1991-07-27,18.7,17.0,17.4
1991-07-28,18.0,18.5,18.1
1991-07-29,20.8,20.2,16.6
1991-07-30,18.0,19.8,15.9
1991-07-31,18.0,17.3,16.7
1991-08-01,18.3,17.8,17.7
1991-08-02,18.1,16.4,17.2
1991-08-03,17.9,17.1,16.2
1991-08-04,19.0,16.4,16.1
1991-08-05,17.9,16.1,15.5
1991-08-06,18.3,16.8,13.6
1991-08-07,17.0,15.2,14.4
1991-08-08,17.5,14.7,14.4
1991-08-09,17.8,15.4,15.1
1991-08-10,20.0,17.5,15.9
1991-08-11,17.8,15.5,13.5
1991-08-12,16.9,13.7,13.6
1991-08-13,17.6,14.5,13.8
1991-08-14,19.1,15.9,14.8
1991-08-15,18.7,15.9,14.8
1991-08-16,18.7,15.3,13.6
1991-08-17,17.1,14.1,13.9
1991-08-18,15.0,12.3,12.9
1991-08-19,16.3,13.1,13.6
1991-08-20,18.2,14.2,13.9
1991-08-21,18.5,16.6,15.9
1991-08-22,19.1,18.7,16.9
1991-08-23,15.4,13.9,14.8
1991-08-24,17.3,15.1,15.0
1991-08-25,18.9,15.5,14.9
1991-08-26,19.4,16.4,15.6
1991-08-27,18.9,16.0,14.2
1991-08-28,16.8,16.6,14.0
1991-08-29,15.3,17.1,17.5
1991-08-30,17.0,16.9,15.9
1991-08-31,18.4,16.6,14.8
1991-09-01,19.6,17.3,14.3
1991-09-02,19.8,17.9,13.8
1991-09-03,19.2,16.5,15.6
1991-09-04,18.7,16.5,17.3
1991-09-05,17.9,16.7,15.0
1991-09-06,15.3,13.6,12.7
1991-09-07,13.4,13.2,13.8
1991-09-08,15.4,13.6,14.3
1991-09-09,15.8,15.7,13.7
1991-09-10,16.8,15.9,13.6
1991-09-11,14.9,12.2,10.2
1991-09-12,14.9,13.2,11.2
1991-09-13,15.0,17.2,15.5
1991-09-14,17.5,17.7,15.4
1991-09-15,18.3,13.8,13.6
1991-09-16,16.3,15.8,13.6
1991-09-17,16.1,15.1,14.0
1991-09-18,15.8,13.7,12.9
1991-09-19,13.6,12.2,11.4
1991-09-20,13.8,11.7,12.7
1991-09-21,16.2,14.4,12.6
1991-09-22,15.3,12.3,9.7
1991-09-23,15.5,13.6,11.4
1991-09-24,16.3,14.1,11.1
1991-09-25,13.5,11.3,10.1
1991-09-26,12.3,9.8,8.5
1991-09-27,11.3,9.5,8.2
1991-09-28,11.8,9.7,8.6
1991-09-29,13.3,10.2,7.8
1991-09-30,10.5,8.4,7.3
1991-10-01,13.4,11.3,9.9
1991-10-02,12.1,11.5,10.0
1991-10-03,14.2,13.2,10.7
1991-10-04,11.1,10.8,9.3
1991-10-05,10.1,9.6,8.4
1991-10-06,8.7,9.4,9.3
1991-10-07,10.8,11.1,11.2
1991-10-08,12.3,11.3,10.4
1991-10-09,13.6,12.7,10.0
1991-10-10,15.1,13.3,10.9
1991-10-11,16.6,14.5,11.4
1991-10-12,13.8,13.7,11.7
1991-10-13,12.2,12.4,11.8
1991-10-14,12.2,11.4,10.7
1991-10-15,12.1,10.1,9.4
1991-10-16,13.4,10.9,9.6
1991-10-17,8.8,7.2,7.1
1991-10-18,8.4,6.7,5.7
1991-10-19,5.9,4.5,4.8
1991-10-20,5.1,5.4,6.1
1991-10-21,4.9,6.5,8.6
1991-10-22,6.8,8.5,7.2
1991-10-23,6.5,7.4,4.7
1991-10-24,8.7,7.0,4.6
1991-10-25,9.3,8.6,7.2
1991-10-26,9.8,8.9,8.7
1991-10-27,9.1,7.7,7.2
1991-10-28,11.1,9.6,8.7
1991-10-29,10.9,11.1,10.9
1991-10-30,10.1,9.0,9.2
1991-10-31,11.1,9.9,8.2
1991-11-01,13.8,11.2,9.9
1991-11-02,11.7,10.2,8.1
1991-11-03,8.3,5.7,4.7
1991-11-04,6.0,5.0,4.8
1991-11-05,4.6,2.8,2.7
1991-11-06,5.1,6.3,7.0
1991-11-07,12.0,11.4,8.0
1991-11-08,10.1,7.2,5.1
1991-11-09,5.2,4.5,2.8
1991-11-10,5.1,5.2,5.1
1991-11-11,7.9,6.2,4.9
1991-11-12,5.5,5.3,5.3
1991-11-13,5.0,3.4,2.7
1991-11-14,4.5,4.2,4.2
1991-11-15,4.3,4.3,2.8
1991-11-16,3.7,3.3,2.2
1991-11-17,2.9,2.7,1.8
1991-11-18,8.0,6.8,4.9
1991-11-19,6.3,5.6,4.2
1991-11-20,5.0,2.2,0.4
1991-11-21,2.0,3.3,7.7
1991-11-22,6.8,7.4,9.1
1991-11-23,7.7,5.2,9.4
1991-11-24,7.0,6.7,8.9
1991-11-25,6.9,7.1,8.5
1991-11-26,9.3,8.9,8.8
1991-11-27,8.5,8.5,7.7
1991-11-28,9.5,9.5,7.9
1991-11-29,8.3,8.2,7.6
1991-11-30,7.3,5.1,7.8
1991-12-01,8.2,6.1,6.7
1991-12-02,6.7,6.4,6.5
1991-12-03,6.1,5.3,6.1
1991-12-04,5.1,3.6,3.3
1991-12-05,5.8,3.9,4.6
1991-12-06,2.6,1.5,2.3
1991-12-07,-0.3,-0.4,0.9
1991-12-08,-0.0,-1.1,2.4
1991-12-09,0.1,-1.2,0.2
1991-12-10,-1.4,-0.2,-0.3
1991-12-11,-3.0,-3.5,-1.5
1991-12-12,-2.5,-1.7,5.1
1991-12-13,0.0,1.7,7.3
1991-12-14,0.9,1.1,7.3
1991-12-15,1.6,2.8,5.7
1991-12-16,5.3,4.4,4.9
1991-12-17,9.1,7.5,6.7
1991-12-18,6.5,5.7,4.4
1991-12-19,10.1,8.2,6.1
1991-12-20,4.3,3.0,2.1
1991-12-21,10.9,9.4,2.5
1991-12-22,12.6,12.2,9.9
1991-12-23,10.0,8.7,4.5
1991-12-24,3.9,4.7,2.5
1991-12-25,1.3,3.6,5.3
1991-12-26,7.2,7.6,7.6
1991-12-27,3.3,3.7,5.4
1991-12-28,3.5,5.4,7.4
1991-12-29,4.3,5.5,4.9
1991-12-30,4.2,5.8,3.6
1991-12-31,5.6,5.6,6.6
1992-01-01,7.9,8.5,8.9
1992-01-02,8.5,8.7,10.9
1992-01-03,9.0,9.4,6.4
1992-01-04,7.9,5.7,3.8
1992-01-05,10.5,8.2,3.5
1992-01-06,8.9,8.9,8.4
1992-01-07,6.7,7.6,8.9
1992-01-08,9.5,8.6,4.1
1992-01-09,6.1,3.8,0.7
1992-01-10,3.6,0.6,0.5
1992-01-11,0.6,2.0,6.4
1992-01-12,0.5,4.0,2.9
1992-01-13,3.5,4.0,4.8
1992-01-14,2.4,2.9,4.2
1992-01-15,3.3,1.4,0.8
1992-01-16,2.6,3.8,4.5
1992-01-17,1.8,3.0,3.7
1992-01-18,3.7,4.8,6.1
1992-01-19,5.3,6.9,7.8
1992-01-20,4.0,4.0,5.6
1992-01-21,0.1,-0.8,0.1
1992-01-22,-1.7,-2.6,-1.0
1992-01-23,-0.5,-2.4,-0.6
1992-01-24,-0.5,-1.8,1.3
1992-01-25,1.3,1.2,5.0
1992-01-26,3.4,0.2,0.0
1992-01-27,2.4,-1.0,1.5
1992-01-28,2.6,-0.4,2.0
1992-01-29,3.1,0.1,2.0
1992-01-30,1.7,0.8,1.7
1992-01-31,2.8,-0.3,1.0
1992-02-01,0.9,0.3,5.4
1992-02-02,1.0,4.9,6.0
1992-02-03,5.6,5.5,4.2
1992-02-04,9.0,8.2,4.8
1992-02-05,7.2,6.9,8.3
1992-02-06,6.0,6.8,7.9
1992-02-07,4.5,5.1,6.9
1992-02-08,3.2,4.1,7.0
1992-02-09,6.8,5.8,5.8
1992-02-10,5.5,4.4,3.4
1992-02-11,8.5,5.0,3.6
1992-02-12,9.4,7.5,4.8
1992-02-13,5.9,4.6,4.4
1992-02-14,6.9,6.0,5.0
1992-02-15,7.7,5.7,4.9
1992-02-16,3.8,3.2,2.5
1992-02-17,1.0,1.3,1.1
1992-02-18,0.9,2.1,1.7
1992-02-19,1.0,2.5,0.3
1992-02-20,0.8,3.7,4.6
1992-02-21,2.5,5.4,5.1
1992-02-22,4.7,7.2,8.3
1992-02-23,9.0,8.7,7.0
1992-02-24,5.9,6.3,6.7
1992-02-25,3.4,5.6,4.0
1992-02-26,7.4,7.0,6.2
1992-02-27,8.3,9.0,7.1
1992-02-28,6.9,4.5,3.7
1992-02-29,8.0,5.1,6.9
1992-03-01,7.5,6.8,6.8
1992-03-02,6.1,5.8,4.8
1992-03-03,9.3,9.5,8.5
1992-03-04,7.1,8.4,9.4
1992-03-05,8.1,8.1,7.8
1992-03-06,8.1,7.8,7.2
1992-03-07,8.4,8.0,7.6
1992-03-08,7.5,5.5,4.2
1992-03-09,6.9,5.2,6.3
1992-03-10,6.8,6.5,4.6
1992-03-11,6.3,5.9,4.7
1992-03-12,9.7,7.9,5.0
1992-03-13,9.1,4.9,2.0
1992-03-14,6.3,4.0,1.7
1992-03-15,7.7,4.7,2.1
1992-03-16,10.1,7.9,7.6
1992-03-17,9.6,8.6,9.3
1992-03-18,9.4,7.2,7.2
1992-03-19,9.2,8.0,7.9
1992-03-20,10.9,10.5,10.2
1992-03-21,9.0,7.0,5.7
1992-03-22,10.1,6.5,5.5
1992-03-23,6.0,5.5,6.0
1992-03-24,6.2,6.7,6.6
1992-03-25,6.1,5.0,6.0
1992-03-26,6.1,5.1,4.2
1992-03-27,5.2,4.1,3.9
1992-03-28,5.3,6.4,5.2
1992-03-29,5.9,5.8,5.4
1992-03-30,5.2,5.1,4.5
1992-03-31,6.2,6.5,3.2
1992-04-01,5.4,5.2,2.4
1992-04-02,5.9,3.7,3.0
1992-04-03,5.3,3.7,3.6
1992-04-04,4.8,3.7,4.2
1992-04-05,5.8,5.9,6.4
1992-04-06,6.0,6.5,6.3
1992-04-07,7.7,7.2,5.7
1992-04-08,9.7,10.0,7.8
1992-04-09,8.9,9.8,9.7
1992-04-10,9.8,10.9,10.1
1992-04-11,10.2,10.9,9.5
1992-04-12,9.3,7.5,7.0
1992-04-13,8.0,6.8,4.8
1992-04-14,7.6,6.8,3.1
1992-04-15,5.8,5.0,4.0
1992-04-16,5.7,5.4,5.1
1992-04-17,8.9,9.1,7.7
1992-04-18,12.3,10.8,8.9
1992-04-19,11.8,8.6,7.4
1992-04-20,11.2,10.9,9.0
1992-04-21,11.7,9.6,9.5
1992-04-22,10.7,8.6,7.1
1992-04-23,10.4,9.6,8.5
1992-04-24,10.2,9.7,8.2
1992-04-25,11.3,9.4,8.3
1992-04-26,11.5,10.5,8.6
1992-04-27,10.3,9.2,7.6
1992-04-28,8.7,7.6,7.4
1992-04-29,8.3,7.0,6.8
1992-04-30,8.8,9.5,7.9
1992-05-01,10.3,8.0,7.6
1992-05-02,8.3,8.4,8.1
1992-05-03,8.8,8.7,8.3
1992-05-04,10.9,10.1,10.8
1992-05-05,10.1,9.5,8.0
1992-05-06,12.1,10.7,10.8
1992-05-07,13.9,11.7,9.7
1992-05-08,10.8,7.8,5.6
1992-05-09,9.0,6.2,5.7
1992-05-10,8.3,7.2,5.7
1992-05-11,9.6,8.4,6.8
1992-05-12,12.4,13.0,10.5
1992-05-13,14.4,14.5,14.5
1992-05-14,17.7,17.8,16.2
1992-05-15,15.0,11.9,10.9
1992-05-16,13.4,11.6,10.4
1992-05-17,10.5,11.0,12.0
1992-05-18,12.8,12.0,11.3
1992-05-19,16.5,16.2,11.7
1992-05-20,16.8,16.6,12.3
1992-05-21,17.7,13.5,10.3
1992-05-22,18.0,15.9,10.9
1992-05-23,18.3,15.6,9.7
1992-05-24,19.1,17.2,11.5
1992-05-25,19.6,18.3,13.3
1992-05-26,17.9,16.5,13.2
1992-05-27,17.3,15.3,12.4
1992-05-28,18.7,16.9,13.4
1992-05-29,16.0,16.1,14.0
1992-05-30,15.7,15.2,13.3
1992-05-31,16.8,15.7,13.9
1992-06-01,16.2,15.7,14.0
1992-06-02,15.8,15.5,14.4
1992-06-03,15.1,14.9,13.5
1992-06-04,12.8,12.6,11.7
1992-06-05,12.4,12.3,11.8
1992-06-06,16.2,16.1,12.1
1992-06-07,15.5,15.3,11.8
1992-06-08,16.2,15.8,12.8
1992-06-09,16.8,16.4,13.9
1992-06-10,17.0,16.0,13.9
1992-06-11,15.8,15.6,13.4
1992-06-12,16.5,16.3,16.2
1992-06-13,16.9,17.7,17.4
1992-06-14,18.9,17.3,16.0
1992-06-15,19.1,15.1,14.1
1992-06-16,16.0,13.8,13.5
1992-06-17,13.8,12.6,13.6
1992-06-18,12.3,12.7,13.2
1992-06-19,12.4,13.0,13.6
1992-06-20,15.4,14.2,14.7
1992-06-21,14.7,15.2,15.6
1992-06-22,15.3,13.9,15.4
1992-06-23,16.1,13.4,14.9
1992-06-24,15.8,15.0,15.1
1992-06-25,16.9,15.9,15.1
1992-06-26,18.5,16.8,15.9
1992-06-27,18.6,17.9,15.4
1992-06-28,19.0,19.5,13.9
1992-06-29,21.5,21.3,14.6
1992-06-30,19.4,18.5,11.8
1992-07-01,16.6,13.8,11.2
1992-07-02,15.2,13.6,11.1
1992-07-03,15.2,13.1,11.5
1992-07-04,15.1,12.9,12.1
1992-07-05,16.2,15.2,12.3
1992-07-06,17.2,16.3,14.2
1992-07-07,14.8,16.2,16.9
1992-07-08,16.3,15.5,14.3
1992-07-09,16.5,14.1,12.6
1992-07-10,15.9,14.3,13.7
1992-07-11,14.9,14.0,13.9
1992-07-12,16.8,14.6,13.6
1992-07-13,15.9,14.3,12.6
1992-07-14,17.7,13.9,14.5
1992-07-15,19.1,15.4,13.8
1992-07-16,19.2,17.6,17.2
1992-07-17,19.0,17.7,16.4
1992-07-18,17.4,17.3,16.1
1992-07-19,18.6,19.1,17.0
1992-07-20,19.7,15.8,16.0
1992-07-21,18.4,15.2,14.6
1992-07-22,16.8,16.0,14.7
1992-07-23,17.5,16.4,15.4
1992-07-24,18.5,15.9,15.3
1992-07-25,17.1,14.8,14.4
1992-07-26,16.8,15.1,12.9
1992-07-27,16.5,14.0,12.2
1992-07-28,15.7,14.1,13.4
1992-07-29,17.4,15.8,14.0
1992-07-30,19.3,15.8,13.2
1992-07-31,19.8,17.4,14.4
1992-08-01,19.3,16.5,14.4
1992-08-02,17.3,16.5,14.5
1992-08-03,18.0,15.5,13.4
1992-08-04,16.9,14.9,13.6
1992-08-05,18.0,17.3,14.8
1992-08-06,18.8,14.0,13.3
1992-08-07,18.5,14.5,13.5
1992-08-08,19.2,14.0,12.4
1992-08-09,19.2,15.0,12.1
1992-08-10,17.2,15.2,14.3
1992-08-11,15.5,14.2,13.8
1992-08-12,15.4,13.8,12.6
1992-08-13,14.4,13.3,13.5
1992-08-14,14.4,12.7,13.2
1992-08-15,15.0,15.2,13.5
1992-08-16,16.1,14.4,12.8
1992-08-17,15.3,13.0,12.4
1992-08-18,14.3,13.6,13.1
1992-08-19,15.4,14.9,14.0
1992-08-20,16.3,15.8,14.9
1992-08-21,16.4,15.2,14.6
1992-08-22,15.5,15.1,14.4
1992-08-23,13.9,12.9,12.1
1992-08-24,16.4,14.3,12.4
1992-08-25,18.6,15.7,13.2
1992-08-26,15.9,12.8,12.2
1992-08-27,17.7,14.1,12.4
1992-08-28,16.7,12.8,11.7
1992-08-29,13.9,11.4,10.4
1992-08-30,14.4,12.0,11.6
1992-08-31,12.5,11.0,10.5
1992-09-01,12.3,11.4,11.1
1992-09-02,15.2,13.6,10.4
1992-09-03,13.8,11.5,10.7
1992-09-04,11.7,10.7,10.3
1992-09-05,11.3,10.5,9.8
1992-09-06,12.9,13.4,12.1
1992-09-07,14.1,12.3,10.7
1992-09-08,12.1,11.3,10.6
1992-09-09,13.5,13.5,13.1
1992-09-10,14.6,13.3,14.4
1992-09-11,14.4,12.7,11.5
1992-09-12,12.6,11.7,10.2
1992-09-13,12.5,10.8,9.8
1992-09-14,12.7,10.7,11.1
1992-09-15,14.6,13.3,13.1
1992-09-16,14.2,12.2,10.6
1992-09-17,15.6,14.1,12.4
1992-09-18,15.6,15.1,12.9
1992-09-19,14.9,13.8,12.7
1992-09-20,14.3,12.9,12.2
1992-09-21,14.7,11.9,9.0
1992-09-22,15.1,13.3,10.3
1992-09-23,12.7,11.2,9.3
1992-09-24,13.9,10.1,9.5
1992-09-25,12.6,10.2,10.0
1992-09-26,16.6,14.0,10.0
1992-09-27,17.8,16.0,12.2
1992-09-28,16.6,16.6,13.0
1992-09-29,14.4,15.6,13.9
1992-09-30,14.1,12.4,12.1
1992-10-01,12.6,10.5,11.3
1992-10-02,12.9,11.5,10.6
1992-10-03,11.9,11.4,10.8
1992-10-04,13.2,11.1,10.6
1992-10-05,11.8,10.0,9.0
1992-10-06,11.5,10.1,9.2
1992-10-07,11.9,9.3,7.5
1992-10-08,10.6,8.7,9.0
1992-10-09,9.9,9.4,8.1
1992-10-10,10.0,7.9,7.3
1992-10-11,10.0,8.5,8.0
1992-10-12,10.1,8.5,7.3
1992-10-13,7.1,8.0,9.0
1992-10-14,8.1,8.2,6.6
1992-10-15,5.9,5.3,5.0
1992-10-16,4.0,3.5,5.0
1992-10-17,3.6,3.7,4.2
1992-10-18,5.7,5.4,2.9
1992-10-19,6.4,3.8,3.7
1992-10-20,8.2,4.1,4.8
1992-10-21,6.4,4.6,5.3
1992-10-22,6.5,6.3,4.9
1992-10-23,7.1,5.5,4.4
1992-10-24,6.1,5.3,3.5
1992-10-25,8.4,4.1,3.6
1992-10-26,5.9,4.4,4.1
1992-10-27,7.8,5.5,4.7
1992-10-28,6.1,4.6,4.1
1992-10-29,5.8,4.0,3.8
1992-10-30,5.5,4.0,1.8
1992-10-31,4.6,4.2,4.2
1992-11-01,9.4,8.0,7.4
1992-11-02,11.2,9.9,6.7
1992-11-03,7.5,7.0,6.1
1992-11-04,8.3,8.9,7.5
1992-11-05,10.9,10.2,12.0
1992-11-06,10.7,10.8,12.0
1992-11-07,11.1,9.0,7.3
1992-11-08,8.4,4.6,5.4
1992-11-09,10.4,9.3,8.8
1992-11-10,6.9,6.0,4.8
1992-11-11,7.7,4.9,4.8
1992-11-12,5.5,4.8,3.7
1992-11-13,2.7,1.8,1.7
1992-11-14,3.6,1.2,2.7
1992-11-15,7.7,3.5,4.4
1992-11-16,5.6,3.5,2.8
1992-11-17,4.2,3.9,1.9
1992-11-18,6.6,6.0,5.1
1992-11-19,5.9,5.1,4.1
1992-11-20,3.5,5.3,3.3
1992-11-21,6.2,6.1,2.0
1992-11-22,12.5,10.8,6.3
1992-11-23,12.1,11.3,11.1
1992-11-24,9.9,7.8,7.3
1992-11-25,9.5,7.4,6.0
1992-11-26,7.1,5.2,4.2
1992-11-27,7.7,6.2,6.0
1992-11-28,5.5,4.0,3.9
1992-11-29,8.4,5.5,4.1
1992-11-30,11.9,10.1,8.3
1992-12-01,8.9,7.7,5.7
1992-12-02,9.7,8.6,7.1
1992-12-03,5.4,4.2,3.3
1992-12-04,2.9,2.2,2.5
1992-12-05,2.3,3.7,2.7
1992-12-06,3.9,4.1,3.7
1992-12-07,6.9,6.3,5.1
1992-12-08,5.4,3.5,2.6
1992-12-09,5.5,4.3,2.9
1992-12-10,2.7,3.4,5.8
1992-12-11,6.6,8.7,6.0
1992-12-12,6.0,5.8,4.0
1992-12-13,5.4,7.4,7.7
1992-12-14,8.5,8.3,9.3
1992-12-15,7.3,8.3,9.6
1992-12-16,7.9,6.0,4.3
1992-12-17,4.0,2.5,3.9
1992-12-18,8.7,6.0,4.7
1992-12-19,3.8,1.5,0.9
1992-12-20,3.3,-2.0,-2.2
1992-12-21,1.1,-0.8,-0.9
1992-12-22,0.0,-1.3,-0.6
1992-12-23,-0.7,-1.9,0.8
1992-12-24,-1.4,-2.0,4.7
1992-12-25,2.3,-0.8,4.6
1992-12-26,3.6,2.2,4.7
1992-12-27,3.6,3.1,3.0
1992-12-28,1.1,0.1,0.5
1992-12-29,-1.8,-2.4,-1.7
1992-12-30,-1.2,-2.8,-1.2
1992-12-31,1.2,0.8,3.5
1993-01-01,1.2,-0.5,5.2
1993-01-02,-0.9,-0.3,6.3
1993-01-03,-2.9,-1.1,3.3
1993-01-04,2.1,2.0,4.5
1993-01-05,8.8,7.2,5.6
1993-01-06,10.6,4.9,3.8
1993-01-07,6.3,4.4,5.7
1993-01-08,4.7,4.0,3.4
1993-01-09,9.2,7.1,5.4
1993-01-10,10.3,7.3,4.0
1993-01-11,8.2,3.5,1.0
1993-01-12,4.8,3.3,1.6
1993-01-13,7.6,4.6,2.8
1993-01-14,5.9,4.2,3.1
1993-01-15,10.4,8.9,6.2
1993-01-16,10.7,10.7,8.5
1993-01-17,8.8,7.3,5.5
1993-01-18,5.0,4.7,2.9
1993-01-19,7.1,6.1,4.3
1993-01-20,10.9,9.7,6.6
1993-01-21,9.8,8.7,6.5
1993-01-22,9.0,6.5,4.2
1993-01-23,7.7,6.7,4.6
1993-01-24,8.9,6.2,4.3
1993-01-25,3.2,2.0,1.0
1993-01-26,3.0,4.8,4.9
1993-01-27,7.7,5.3,3.0
1993-01-28,8.2,8.5,4.8
1993-01-29,7.9,6.4,5.0
1993-01-30,5.0,6.0,6.5
1993-01-31,5.4,5.0,2.8
1993-02-01,3.8,3.1,2.4
1993-02-02,6.3,5.6,6.3
1993-02-03,5.4,6.4,8.4
1993-02-04,2.8,4.3,8.4
1993-02-05,1.5,4.1,7.9
1993-02-06,4.6,6.6,9.3
1993-02-07,8.1,8.3,9.1
1993-02-08,7.5,8.6,6.3
1993-02-09,5.2,6.7,6.7
1993-02-10,4.1,4.6,5.2
1993-02-11,3.4,3.7,5.0
1993-02-12,4.9,3.1,5.4
1993-02-13,4.4,4.3,5.4
1993-02-14,2.7,4.0,7.0
1993-02-15,4.3,4.7,5.1
1993-02-16,6.1,5.8,8.0
1993-02-17,8.5,7.2,8.9
1993-02-18,7.8,6.3,5.9
1993-02-19,6.8,5.7,5.5
1993-02-20,5.3,4.8,5.6
1993-02-21,4.4,3.4,2.4
1993-02-22,2.3,1.8,4.0
1993-02-23,2.5,2.2,5.2
1993-02-24,4.2,3.4,6.5
1993-02-25,5.2,4.2,6.5
1993-02-26,3.7,3.6,2.8
1993-02-27,1.8,0.2,-0.1
1993-02-28,0.1,-0.2,-0.0
1993-03-01,1.7,1.5,1.6
1993-03-02,2.9,2.3,1.7
1993-03-03,1.8,2.1,1.6
1993-03-04,2.4,1.2,1.6
1993-03-05,4.3,5.6,7.2
1993-03-06,6.8,5.7,6.3
1993-03-07,5.9,5.0,4.7
1993-03-08,5.5,4.9,6.2
1993-03-09,3.1,3.2,3.7
1993-03-10,6.1,5.9,3.2
1993-03-11,6.9,8.3,6.5
1993-03-12,7.8,8.6,8.4
1993-03-13,9.4,10.3,9.9
1993-03-14,10.3,9.3,8.7
1993-03-15,10.6,10.2,9.4
1993-03-16,9.3,7.8,6.7
1993-03-17,10.7,9.3,10.3
1993-03-18,10.3,7.7,6.0
1993-03-19,5.5,6.1,6.5
1993-03-20,5.5,5.9,7.2
1993-03-21,8.8,8.0,6.8
1993-03-22,9.4,6.6,4.1
1993-03-23,6.3,4.7,3.2
1993-03-24,5.1,4.9,4.3
1993-03-25,5.0,3.6,3.6
1993-03-26,3.4,3.4,4.7
1993-03-27,4.7,4.8,5.4
1993-03-28,4.8,6.5,5.6
1993-03-29,6.9,7.6,6.1
1993-03-30,9.2,9.6,8.6
1993-03-31,7.5,6.5,6.7
1993-04-01,6.7,6.0,6.5
1993-04-02,5.6,5.5,6.2
1993-04-03,6.2,5.4,5.6
1993-04-04,6.8,5.7,5.8
1993-04-05,8.8,8.3,6.1
1993-04-06,9.3,8.0,7.6
1993-04-07,7.6,7.9,6.2
1993-04-08,8.6,8.2,6.9
1993-04-09,8.6,7.5,6.7
1993-04-10,8.7,9.1,7.1
1993-04-11,9.2,7.0,5.1
1993-04-12,8.4,8.0,5.5
1993-04-13,7.6,6.9,5.6
1993-04-14,7.7,6.2,5.1
1993-04-15,7.9,8.0,6.5
1993-04-16,9.2,9.9,8.9
1993-04-17,11.5,9.4,7.2
1993-04-18,11.4,10.2,6.0
1993-04-19,11.6,11.8,7.4
1993-04-20,13.0,11.4,10.0
1993-04-21,11.9,10.2,9.0
1993-04-22,10.5,9.5,10.3
1993-04-23,12.3,11.2,10.1
1993-04-24,10.7,10.0,9.2
1993-04-25,11.1,8.7,7.5
1993-04-26,10.5,11.7,9.3
1993-04-27,11.9,12.1,9.1
1993-04-28,11.6,10.1,7.9
1993-04-29,14.3,12.0,8.5
1993-04-30,15.7,14.3,11.2
1993-05-01,15.5,9.6,9.7
1993-05-02,9.8,7.6,6.7
1993-05-03,8.8,7.3,6.3
1993-05-04,9.0,8.6,7.8
1993-05-05,8.2,10.4,9.7
1993-05-06,8.3,10.9,9.5
1993-05-07,9.3,9.2,10.9
1993-05-08,10.7,9.0,8.4
1993-05-09,12.0,9.8,8.5
1993-05-10,15.2,11.4,9.8
1993-05-11,15.9,13.7,11.0
1993-05-12,14.4,12.3,8.3
1993-05-13,11.9,10.5,4.5
1993-05-14,11.8,10.3,2.9
1993-05-15,9.4,7.2,6.2
1993-05-16,11.2,9.6,7.8
1993-05-17,17.0,15.1,13.0
1993-05-18,13.8,11.7,11.5
1993-05-19,13.4,11.2,9.6
1993-05-20,10.8,9.1,9.2
1993-05-21,11.5,9.5,10.5
1993-05-22,12.8,12.8,11.6
1993-05-23,15.7,14.6,12.1
1993-05-24,17.0,14.7,11.3
1993-05-25,15.6,12.0,8.7
1993-05-26,14.2,8.9,7.0
1993-05-27,12.5,9.5,7.1
1993-05-28,12.5,10.2,8.7
1993-05-29,13.5,12.9,11.2
1993-05-30,14.2,12.9,11.5
1993-05-31,13.5,11.7,12.0
1993-06-01,14.8,12.8,9.7
1993-06-02,15.3,14.1,8.1
1993-06-03,14.5,14.3,11.1
1993-06-04,14.6,14.9,13.4
1993-06-05,16.5,14.0,11.7
1993-06-06,17.6,15.6,13.8
1993-06-07,18.3,13.9,14.2
1993-06-08,19.4,16.1,16.2
1993-06-09,21.1,19.3,15.3
1993-06-10,19.5,19.0,12.7
1993-06-11,15.5,16.8,13.4
1993-06-12,14.8,14.4,11.9
1993-06-13,13.5,12.6,9.2
1993-06-14,13.5,10.3,9.1
1993-06-15,13.9,12.5,11.7
1993-06-16,13.9,13.0,12.6
1993-06-17,15.3,13.8,13.0
1993-06-18,15.4,14.5,12.7
1993-06-19,15.3,13.1,12.5
1993-06-20,14.5,12.0,12.3
1993-06-21,14.0,11.9,12.0
1993-06-22,15.2,13.0,11.8
1993-06-23,14.5,12.0,11.0
1993-06-24,14.4,11.6,10.7
1993-06-25,15.6,12.2,11.2
1993-06-26,17.2,14.3,13.5
1993-06-27,18.2,12.9,14.1
1993-06-28,15.5,16.5,15.3
1993-06-29,16.6,16.6,16.2
1993-06-30,18.5,17.2,14.2
1993-07-01,17.1,14.7,14.4
1993-07-02,18.2,14.9,13.2
1993-07-03,19.9,16.6,14.3
1993-07-04,20.9,15.2,13.1
1993-07-05,16.4,12.4,12.1
1993-07-06,16.4,11.9,12.3
1993-07-07,16.0,14.0,13.3
1993-07-08,17.3,14.7,12.7
1993-07-09,14.0,11.0,10.0
1993-07-10,12.4,10.2,10.5
1993-07-11,12.9,10.6,10.9
1993-07-12,13.1,11.2,11.2
1993-07-13,13.1,11.8,12.3
1993-07-14,18.1,14.6,12.1
1993-07-15,16.7,15.9,13.3
1993-07-16,17.8,17.7,16.0
1993-07-17,16.8,14.7,14.1
1993-07-18,14.9,13.8,13.3
1993-07-19,15.3,13.6,12.8
1993-07-20,15.1,12.7,13.3
1993-07-21,14.8,12.6,12.9
1993-07-22,15.8,14.8,13.8
1993-07-23,18.8,17.2,15.5
1993-07-24,16.5,14.6,12.6
1993-07-25,14.7,12.3,11.7
1993-07-26,14.7,12.8,11.9
1993-07-27,16.7,15.7,12.0
1993-07-28,18.2,14.6,14.0
1993-07-29,17.7,15.3,13.5
1993-07-30,17.3,14.1,12.5
1993-07-31,15.5,13.1,12.4
1993-08-01,15.6,15.1,14.0
1993-08-02,16.2,14.7,14.2
1993-08-03,16.5,14.2,13.5
1993-08-04,15.9,14.3,13.7
1993-08-05,16.0,12.9,13.5
1993-08-06,16.0,13.1,12.6
1993-08-07,17.1,14.2,14.5
1993-08-08,16.7,14.0,13.0
1993-08-09,17.7,14.8,13.0
1993-08-10,15.2,12.2,11.3
1993-08-11,16.4,13.0,9.9
1993-08-12,16.1,11.7,11.0
1993-08-13,13.8,12.8,11.7
1993-08-14,17.2,14.5,12.8
1993-08-15,17.7,14.1,12.3
1993-08-16,16.8,13.0,12.5
1993-08-17,14.9,13.2,12.6
1993-08-18,16.3,14.6,12.8
1993-08-19,18.1,16.2,13.5
1993-08-20,19.1,15.6,13.0
1993-08-21,18.5,14.4,12.6
1993-08-22,14.1,11.1,10.4
1993-08-23,12.6,10.7,10.7
1993-08-24,12.4,10.6,10.7
1993-08-25,12.9,11.8,11.8
1993-08-26,13.7,11.4,11.7
1993-08-27,12.7,12.0,12.8
1993-08-28,13.8,13.5,13.6
1993-08-29,15.0,13.5,14.2
1993-08-30,16.4,14.1,13.3
1993-08-31,13.8,14.9,15.6
1993-09-01,15.8,15.9,14.9
1993-09-02,15.9,14.5,14.2
1993-09-03,14.2,12.3,11.8
1993-09-04,12.1,9.9,10.2
1993-09-05,11.8,10.1,10.6
1993-09-06,13.8,12.5,11.0
1993-09-07,15.6,14.2,11.6
1993-09-08,16.4,14.8,11.6
1993-09-09,16.2,15.3,13.7
1993-09-10,14.9,13.4,13.7
1993-09-11,13.4,11.9,12.7
1993-09-12,12.4,11.1,11.1
1993-09-13,14.0,12.5,11.6
1993-09-14,13.0,11.0,9.1
1993-09-15,12.2,10.5,9.0
1993-09-16,11.8,10.4,8.9
1993-09-17,12.2,9.7,9.4
1993-09-18,11.3,11.4,10.4
1993-09-19,13.1,12.9,11.7
1993-09-20,15.0,14.3,14.8
1993-09-21,14.9,12.7,12.9
1993-09-22,12.8,11.5,11.2
1993-09-23,11.9,10.8,11.0
1993-09-24,11.6,10.9,10.1
1993-09-25,10.8,9.8,8.5
1993-09-26,10.7,9.3,8.2
1993-09-27,8.5,8.5,6.2
1993-09-28,9.2,9.0,6.9
1993-09-29,11.4,11.1,9.1
1993-09-30,10.9,10.6,11.3
1993-10-01,10.7,10.2,10.3
1993-10-02,11.3,10.1,11.1
1993-10-03,11.1,10.3,11.2
1993-10-04,12.4,10.9,10.4
1993-10-05,12.9,10.8,8.8
1993-10-06,12.3,11.3,9.3
1993-10-07,11.4,10.1,10.0
1993-10-08,11.5,9.5,10.0
1993-10-09,11.2,10.6,10.1
1993-10-10,11.9,9.8,9.6
1993-10-11,13.6,9.6,8.6
1993-10-12,12.7,8.9,7.5
1993-10-13,11.2,6.8,4.3
1993-10-14,8.3,5.2,3.8
1993-10-15,5.2,3.1,2.7
1993-10-16,2.8,2.4,2.0
1993-10-17,4.9,2.0,2.1
1993-10-18,6.7,3.7,4.4
1993-10-19,4.8,3.9,7.3
1993-10-20,5.6,5.8,7.2
1993-10-21,6.2,4.8,5.3
1993-10-22,7.9,4.5,3.4
1993-10-23,8.1,4.4,6.4
1993-10-24,8.4,5.4,7.8
1993-10-25,8.7,5.7,3.7
1993-10-26,9.6,7.0,3.0
1993-10-27,8.9,5.7,3.5
1993-10-28,9.6,7.2,6.4
1993-10-29,8.6,7.3,6.6
1993-10-30,8.4,7.7,6.5
1993-10-31,7.8,7.2,7.4
1993-11-01,6.5,7.0,5.8
1993-11-02,6.6,5.7,6.3
1993-11-03,10.7,8.2,7.5
1993-11-04,11.9,10.1,9.7
1993-11-05,10.9,10.1,9.2
1993-11-06,8.6,8.5,8.9
1993-11-07,9.1,7.9,8.5
1993-11-08,7.8,5.7,7.6
1993-11-09,7.5,6.6,6.8
1993-11-10,9.4,6.2,1.6
1993-11-11,5.3,4.1,3.9
1993-11-12,5.2,5.7,4.9
1993-11-13,8.9,5.8,1.8
1993-11-14,7.5,4.7,3.3
1993-11-15,4.5,3.4,4.2
1993-11-16,3.1,4.2,7.5
1993-11-17,1.9,2.1,4.5
1993-11-18,1.2,1.3,3.8
1993-11-19,0.5,0.4,1.9
1993-11-20,0.6,0.8,2.0
1993-11-21,-0.6,-0.4,1.2
1993-11-22,-1.3,-1.2,-0.1
1993-11-23,-1.2,-2.1,-1.1
1993-11-24,0.5,-0.5,-1.0
1993-11-25,4.6,4.0,2.0
1993-11-26,2.8,2.1,0.2
1993-11-27,4.2,3.7,3.3
1993-11-28,0.3,1.1,3.1
1993-11-29,0.3,0.1,2.0
1993-11-30,6.1,5.2,4.6
1993-12-01,6.1,5.4,5.8
1993-12-02,10.8,10.7,7.7
1993-12-03,10.4,10.1,8.5
1993-12-04,8.9,7.8,6.5
1993-12-05,5.8,7.3,7.3
1993-12-06,6.3,7.1,7.3
1993-12-07,6.3,4.6,2.9
1993-12-08,7.9,5.9,3.4
1993-12-09,7.8,6.0,4.0
1993-12-10,6.6,4.9,3.1
1993-12-11,4.2,3.0,1.7
1993-12-12,6.0,2.7,1.1
1993-12-13,7.6,4.4,2.8
1993-12-14,2.3,0.4,1.8
1993-12-15,4.3,3.8,3.1
1993-12-16,5.5,4.7,1.8
1993-12-17,6.8,5.0,2.6
1993-12-18,10.3,10.0,9.9
1993-12-19,11.6,8.9,6.1
1993-12-20,4.9,2.7,-1.3
1993-12-21,3.4,1.1,0.1
1993-12-22,5.1,3.7,1.2
1993-12-23,3.7,2.8,0.7
1993-12-24,2.2,1.1,0.7
1993-12-25,0.8,0.5,-0.2
1993-12-26,1.4,-1.3,-1.6
1993-12-27,0.2,-1.2,-0.1
1993-12-28,2.5,2.1,1.5
1993-12-29,7.4,5.3,4.5
1993-12-30,6.7,3.7,2.2
1993-12-31,4.3,1.8,1.0
1994-01-01,1.7,2.6,1.5
1994-01-02,7.2,5.2,2.2
1994-01-03,5.5,4.1,3.5
1994-01-04,4.8,2.7,1.8
1994-01-05,5.1,2.8,2.5
1994-01-06,3.3,-0.4,3.4
1994-01-07,0.5,0.6,2.0
1994-01-08,1.9,1.0,0.2
1994-01-09,7.2,6.0,4.7
1994-01-10,7.0,5.6,4.8
1994-01-11,6.4,5.7,4.5
1994-01-12,9.3,7.1,4.7
1994-01-13,8.3,6.8,5.5
1994-01-14,6.1,5.6,4.6
1994-01-15,4.3,3.2,1.0
1994-01-16,2.4,1.2,-0.4
1994-01-17,0.3,-0.6,1.0
1994-01-18,3.0,4.2,5.1
1994-01-19,4.3,2.6,2.5
1994-01-20,3.8,6.0,7.2
1994-01-21,7.2,7.6,6.9
1994-01-22,8.5,6.1,4.6
1994-01-23,8.2,6.0,3.7
1994-01-24,5.6,4.4,3.1
1994-01-25,9.6,7.6,5.0
1994-01-26,7.2,6.2,4.4
1994-01-27,8.9,6.0,3.2
1994-01-28,4.1,3.1,1.1
1994-01-29,6.1,6.7,5.7
1994-01-30,7.5,6.0,4.4
1994-01-31,3.7,4.9,5.0
1994-02-01,6.7,6.2,5.9
1994-02-02,2.5,2.4,2.8
1994-02-03,5.8,2.7,2.2
1994-02-04,6.4,6.4,5.5
1994-02-05,4.4,4.6,4.5
1994-02-06,4.8,3.9,3.9
1994-02-07,4.8,2.8,2.8
1994-02-08,3.2,3.0,3.7
1994-02-09,6.0,5.2,4.9
1994-02-10,3.6,3.7,2.7
1994-02-11,3.4,3.3,3.9
1994-02-12,2.8,2.2,3.1
1994-02-13,0.8,0.5,1.4
1994-02-14,-1.7,-1.1,0.7
1994-02-15,2.2,-0.0,0.8
1994-02-16,6.4,0.6,0.5
1994-02-17,4.2,1.8,-0.9
1994-02-18,3.6,3.0,2.3
1994-02-19,2.2,1.8,1.6
1994-02-20,1.0,0.6,1.0
1994-02-21,-1.1,-1.4,0.1
1994-02-22,0.5,-1.6,0.8
1994-02-23,2.4,-0.3,1.6
1994-02-24,3.3,0.3,1.3
1994-02-25,3.9,-1.1,1.0
1994-02-26,9.1,7.0,2.1
1994-02-27,9.1,7.8,1.8
1994-02-28,7.8,6.1,2.2
1994-03-01,5.8,4.0,3.2
1994-03-02,7.6,6.3,4.5
1994-03-03,6.8,6.0,5.2
1994-03-04,6.5,6.7,6.6
1994-03-05,9.5,8.1,6.0
1994-03-06,7.1,7.0,6.5
1994-03-07,10.6,10.3,9.3
1994-03-08,11.3,10.5,8.5
1994-03-09,9.8,7.0,4.7
1994-03-10,7.0,6.3,5.7
1994-03-11,5.2,4.8,5.1
1994-03-12,6.2,4.9,4.0
1994-03-13,9.3,7.1,5.1
1994-03-14,10.0,9.5,7.2
1994-03-15,9.1,5.9,3.2
1994-03-16,6.0,3.9,2.3
1994-03-17,5.3,4.0,3.5
1994-03-18,7.8,4.9,2.6
1994-03-19,6.9,3.9,2.6
1994-03-20,4.1,3.8,2.3
1994-03-21,5.3,4.6,2.3
1994-03-22,7.7,9.0,8.4
1994-03-23,11.9,10.8,7.8
1994-03-24,10.4,7.0,5.5
1994-03-25,10.2,7.6,5.9
1994-03-26,5.6,4.5,4.3
1994-03-27,5.6,5.5,4.9
1994-03-28,10.0,9.0,7.7
1994-03-29,11.7,8.9,6.1
1994-03-30,12.1,8.5,7.5
1994-03-31,9.0,7.0,5.9
1994-04-01,7.9,6.4,5.6
1994-04-02,4.8,3.7,3.8
1994-04-03,5.2,5.0,4.6
1994-04-04,7.3,4.4,3.1
1994-04-05,5.8,4.3,3.8
1994-04-06,6.2,5.0,4.4
1994-04-07,6.0,5.2,3.9
1994-04-08,6.4,3.5,2.0
1994-04-09,4.1,3.0,2.4
1994-04-10,5.0,5.8,5.0
1994-04-11,7.1,5.6,6.5
1994-04-12,7.0,6.2,7.0
1994-04-13,6.7,5.9,5.9
1994-04-14,5.2,4.8,5.9
1994-04-15,6.1,5.5,5.3
1994-04-16,7.8,6.4,6.4
1994-04-17,5.4,6.6,5.9
1994-04-18,5.7,4.4,6.5
1994-04-19,7.8,7.1,6.9
1994-04-20,8.0,7.2,5.8
1994-04-21,8.0,7.8,5.3
1994-04-22,10.1,10.7,4.8
1994-04-23,12.3,11.4,8.6
1994-04-24,11.0,10.7,9.7
1994-04-25,9.2,7.8,6.8
1994-04-26,13.0,12.1,9.3
1994-04-27,13.5,14.0,12.0
1994-04-28,14.5,14.0,13.0
1994-04-29,15.0,14.2,12.0
1994-04-30,13.9,9.7,9.5
1994-05-01,10.6,10.7,8.9
1994-05-02,9.1,12.0,11.1
1994-05-03,12.1,10.9,9.1
1994-05-04,10.8,9.6,9.0
1994-05-05,9.6,9.1,8.4
1994-05-06,12.2,10.6,8.7
1994-05-07,11.9,9.6,8.5
1994-05-08,11.0,9.7,8.0
1994-05-09,10.1,10.7,8.3
1994-05-10,11.3,11.3,9.4
1994-05-11,13.2,11.8,9.0
1994-05-12,13.3,14.2,10.6
1994-05-13,13.8,13.1,10.3
1994-05-14,14.2,12.8,9.8
1994-05-15,14.4,8.8,7.8
1994-05-16,12.1,8.1,6.7
1994-05-17,8.1,7.4,6.3
1994-05-18,9.6,7.3,6.0
1994-05-19,9.2,7.0,5.9
1994-05-20,11.4,7.5,6.3
1994-05-21,11.8,9.9,7.9
1994-05-22,12.6,9.8,9.3
1994-05-23,12.8,10.8,7.8
1994-05-24,11.6,9.6,7.2
1994-05-25,11.7,10.0,7.3
1994-05-26,10.3,8.9,7.1
1994-05-27,8.8,7.9,7.6
1994-05-28,9.2,8.6,9.3
1994-05-29,9.8,10.0,9.9
1994-05-30,10.4,10.8,10.2
1994-05-31,13.2,11.4,11.3
1994-06-01,16.1,12.6,13.1
1994-06-02,14.4,13.1,12.3
1994-06-03,13.3,12.0,12.2
1994-06-04,10.4,9.4,9.7
1994-06-05,10.8,10.4,10.4
1994-06-06,15.0,14.4,12.0
1994-06-07,15.8,12.9,11.1
1994-06-08,12.2,9.9,9.7
1994-06-09,11.9,10.0,11.1
1994-06-10,12.1,11.1,12.1
1994-06-11,12.3,11.0,12.2
1994-06-12,14.0,11.7,14.0
1994-06-13,16.5,12.8,14.2
1994-06-14,16.7,11.5,11.4
1994-06-15,15.1,11.2,11.7
1994-06-16,16.6,11.9,9.9
1994-06-17,17.1,14.5,11.8
1994-06-18,16.6,14.2,11.5
1994-06-19,16.3,14.2,12.4
1994-06-20,15.8,14.8,14.3
1994-06-21,15.3,13.7,12.2
1994-06-22,16.7,13.3,11.3
1994-06-23,15.7,13.8,11.7
1994-06-24,20.3,18.3,15.1
1994-06-25,18.8,15.4,13.7
1994-06-26,16.9,14.1,12.0
1994-06-27,18.1,17.3,16.3
1994-06-28,19.4,18.2,16.2
1994-06-29,17.2,14.8,13.2
1994-06-30,16.2,15.9,14.8
1994-07-01,18.4,17.5,14.6
1994-07-02,20.9,17.8,12.8
1994-07-03,20.4,18.5,13.0
1994-07-04,19.3,16.8,14.0
1994-07-05,16.8,15.4,15.2
1994-07-06,15.4,14.3,13.8
1994-07-07,15.8,14.7,14.0
1994-07-08,15.5,16.4,14.8
1994-07-09,17.2,16.4,14.7
1994-07-10,17.6,17.2,15.3
1994-07-11,20.6,18.8,16.0
1994-07-12,23.6,19.0,15.2
1994-07-13,20.7,16.5,14.3
1994-07-14,19.4,16.7,14.7
1994-07-15,18.4,14.7,13.9
1994-07-16,18.6,15.0,13.6
1994-07-17,17.8,15.7,14.6
1994-07-18,17.4,15.7,14.3
1994-07-19,19.4,17.1,15.9
1994-07-20,19.6,18.9,18.3
1994-07-21,21.4,17.8,16.4
1994-07-22,21.0,16.2,14.4
1994-07-23,19.5,17.6,15.2
1994-07-24,22.2,19.0,16.7
1994-07-25,21.7,19.6,16.7
1994-07-26,19.8,18.3,16.4
1994-07-27,21.9,16.0,15.5
1994-07-28,18.0,15.5,14.8
1994-07-29,18.6,17.3,15.2
1994-07-30,21.6,19.2,17.5
1994-07-31,20.5,20.1,18.3
1994-08-01,18.2,17.5,18.1
1994-08-02,17.4,17.4,17.0
1994-08-03,21.7,20.6,16.4
1994-08-04,22.1,20.3,17.5
1994-08-05,20.9,16.8,16.1
1994-08-06,19.7,16.0,14.3
1994-08-07,18.4,15.7,13.7
1994-08-08,18.1,16.2,13.4
1994-08-09,17.6,14.8,13.3
1994-08-10,17.7,14.9,12.6
1994-08-11,16.5,15.2,13.4
1994-08-12,16.2,14.2,13.1
1994-08-13,15.6,13.5,11.8
1994-08-14,14.4,11.9,11.8
1994-08-15,15.5,13.8,13.7
1994-08-16,16.9,14.8,12.4
1994-08-17,15.5,13.1,13.5
1994-08-18,15.9,14.3,12.8
1994-08-19,17.5,14.4,12.9
1994-08-20,15.5,14.1,13.2
1994-08-21,16.8,14.3,14.0
1994-08-22,18.0,16.9,14.1
1994-08-23,17.5,16.1,14.2
1994-08-24,15.9,13.6,13.1
1994-08-25,15.8,13.7,12.7
1994-08-26,17.4,14.0,12.5
1994-08-27,17.2,13.3,10.7
1994-08-28,14.6,12.8,11.1
1994-08-29,15.1,12.7,12.5
1994-08-30,14.5,12.5,12.3
1994-08-31,15.3,13.2,12.3
1994-09-01,14.8,14.2,12.8
1994-09-02,14.7,12.7,12.4
1994-09-03,14.5,12.9,12.9
1994-09-04,17.0,14.1,13.1
1994-09-05,15.2,12.0,11.4
1994-09-06,13.2,11.4,11.7
1994-09-07,13.4,11.8,10.6
1994-09-08,13.6,12.4,11.1
1994-09-09,13.1,10.9,9.9
1994-09-10,12.8,11.1,10.7
1994-09-11,13.2,12.1,11.5
1994-09-12,14.8,10.1,10.8
1994-09-13,13.7,12.6,10.4
1994-09-14,13.8,11.3,9.5
1994-09-15,10.8,9.8,10.3
1994-09-16,10.8,9.3,9.0
1994-09-17,9.8,9.2,9.1
1994-09-18,10.4,9.8,8.9
1994-09-19,10.8,10.1,10.9
1994-09-20,12.2,11.0,10.2
1994-09-21,12.1,13.3,11.6
1994-09-22,13.9,11.8,12.6
1994-09-23,14.2,10.8,13.4
1994-09-24,15.2,11.8,10.9
1994-09-25,15.1,11.2,9.3
1994-09-26,14.4,11.5,10.6
1994-09-27,13.4,10.9,10.7
1994-09-28,13.6,10.9,11.2
1994-09-29,13.4,12.3,12.8
1994-09-30,13.4,12.0,12.4
1994-10-01,13.0,12.3,8.9
1994-10-02,13.6,12.6,10.6
1994-10-03,9.5,6.8,4.7
1994-10-04,5.5,5.4,4.9
1994-10-05,8.0,8.5,8.5
1994-10-06,9.3,9.0,10.5
1994-10-07,9.6,10.4,12.2
1994-10-08,9.8,11.0,10.2
1994-10-09,11.2,9.3,10.0
1994-10-10,9.9,10.1,10.5
1994-10-11,11.7,9.3,10.3
1994-10-12,10.0,8.8,9.7
1994-10-13,10.7,8.1,8.8
1994-10-14,10.2,8.3,10.3
1994-10-15,9.8,9.4,9.4
1994-10-16,10.9,8.0,6.2
1994-10-17,9.4,7.4,6.1
1994-10-18,7.6,7.0,7.2
1994-10-19,12.5,10.6,9.1
1994-10-20,12.7,11.4,10.1
1994-10-21,12.5,11.1,9.9
1994-10-22,13.3,11.9,10.8
1994-10-23,11.0,10.0,10.3
1994-10-24,9.4,8.6,8.2
1994-10-25,9.7,8.4,8.4
1994-10-26,8.7,8.1,7.4
1994-10-27,7.3,7.2,6.6
1994-10-28,6.9,7.1,6.1
1994-10-29,10.8,8.1,5.3
1994-10-30,14.4,12.3,7.6
1994-10-31,12.4,10.5,9.1
1994-11-01,8.6,7.8,7.5
1994-11-02,8.1,7.1,6.1
1994-11-03,13.7,11.9,9.8
1994-11-04,13.2,11.5,10.7
1994-11-05,12.0,9.7,8.7
1994-11-06,9.7,7.9,8.7
1994-11-07,9.1,8.6,7.1
1994-11-08,11.4,10.8,9.1
1994-11-09,11.5,11.1,10.4
1994-11-10,10.0,10.4,9.3
1994-11-11,10.9,10.1,8.8
1994-11-12,11.0,10.1,9.1
1994-11-13,11.8,11.7,10.6
1994-11-14,14.2,13.1,10.5
1994-11-15,11.5,9.8,7.9
1994-11-16,8.5,8.1,7.0
1994-11-17,8.4,8.1,5.9
1994-11-18,10.5,9.5,6.3
1994-11-19,14.1,12.8,11.0
1994-11-20,13.1,10.7,8.6
1994-11-21,8.2,7.6,8.3
1994-11-22,10.1,9.6,11.7
1994-11-23,12.2,10.8,10.8
1994-11-24,11.6,8.1,7.0
1994-11-25,11.4,9.9,9.4
1994-11-26,11.3,10.7,11.2
1994-11-27,10.1,8.4,8.6
1994-11-28,8.1,4.4,9.2
1994-11-29,8.1,3.8,6.6
1994-11-30,7.8,5.9,4.5
1994-12-01,7.1,6.7,4.9
1994-12-02,7.6,7.5,6.8
1994-12-03,10.1,9.7,8.2
1994-12-04,10.3,7.3,5.3
1994-12-05,8.1,6.4,4.4
1994-12-06,6.9,6.1,4.5
1994-12-07,8.6,6.3,5.2
1994-12-08,9.7,6.8,4.3
1994-12-09,4.3,5.2,6.0
1994-12-10,10.1,10.8,10.7
1994-12-11,12.2,12.9,12.3
1994-12-12,12.2,12.4,9.3
1994-12-13,10.9,6.6,4.5
1994-12-14,3.5,-0.0,0.2
1994-12-15,2.6,2.7,4.1
1994-12-16,6.4,4.9,3.6
1994-12-17,8.0,8.4,8.2
1994-12-18,7.8,5.5,4.0
1994-12-19,3.8,4.0,3.0
1994-12-20,1.3,4.0,2.0
1994-12-21,1.0,-0.0,-2.5
1994-12-22,1.0,-1.7,0.4
1994-12-23,-0.9,-1.2,7.3
1994-12-24,-1.6,3.0,7.9
1994-12-25,5.4,7.6,5.1
1994-12-26,6.2,5.1,3.1
1994-12-27,11.4,5.3,0.1
1994-12-28,12.8,11.5,7.1
1994-12-29,10.0,7.6,6.3
1994-12-30,6.6,6.2,5.7
1994-12-31,3.8,2.3,1.2
1995-01-01,-0.0,-0.3,-0.7
1995-01-02,-1.3,-1.7,-1.2
1995-01-03,-1.6,-1.2,-0.7
1995-01-04,2.0,2.7,3.1
1995-01-05,3.2,5.0,6.9
1995-01-06,3.6,4.3,4.1
1995-01-07,2.5,5.3,8.0
1995-01-08,7.0,7.0,5.1
1995-01-09,5.8,7.2,6.4
1995-01-10,8.9,7.0,3.0
1995-01-11,2.7,0.8,0.1
1995-01-12,1.0,-0.0,1.1
1995-01-13,3.1,5.3,7.1
1995-01-14,7.1,7.8,6.1
1995-01-15,8.5,6.2,5.0
1995-01-16,7.1,7.6,6.1
1995-01-17,8.8,3.8,3.2
1995-01-18,5.2,3.1,3.3
1995-01-19,5.3,2.5,1.9
1995-01-20,6.3,3.0,2.0
1995-01-21,6.0,3.7,2.1
1995-01-22,5.6,3.2,2.8
1995-01-23,5.1,4.2,4.0
1995-01-24,5.1,3.8,3.8
1995-01-25,7.0,1.3,1.9
1995-01-26,5.4,0.6,0.5
1995-01-27,3.6,-0.0,-0.1
1995-01-28,8.4,6.3,4.4
1995-01-29,8.8,5.1,2.4
1995-01-30,2.8,0.6,-0.7
1995-01-31,8.3,8.7,7.0
1995-02-01,9.4,6.0,4.7
1995-02-02,3.9,3.4,3.2
1995-02-03,8.6,8.4,7.8
1995-02-04,8.7,7.5,6.4
1995-02-05,6.9,7.7,8.6
1995-02-06,9.3,8.6,9.2
1995-02-07,8.3,7.7,3.7
1995-02-08,6.7,2.7,-0.6
1995-02-09,3.9,1.4,-1.6
1995-02-10,7.3,2.5,2.0
1995-02-11,8.9,6.2,4.0
1995-02-12,8.5,7.5,6.5
1995-02-13,8.5,7.4,5.1
1995-02-14,7.8,6.8,5.7
1995-02-15,9.3,7.1,5.3
1995-02-16,7.8,5.8,4.5
1995-02-17,6.0,4.2,4.1
1995-02-18,5.9,5.3,4.5
1995-02-19,8.6,6.1,4.1
1995-02-20,7.8,5.9,3.4
1995-02-21,6.5,4.7,2.9
1995-02-22,6.1,5.6,3.7
1995-02-23,4.4,3.8,4.1
1995-02-24,5.4,3.0,2.0
1995-02-25,5.1,2.8,1.7
1995-02-26,2.1,1.2,0.8
1995-02-27,3.8,5.7,6.6
1995-02-28,9.3,9.6,6.8
1995-03-01,7.4,3.8,2.1
1995-03-02,2.7,1.6,0.4
1995-03-03,1.6,0.7,-0.6
1995-03-04,1.5,1.0,0.4
1995-03-05,5.4,3.5,2.9
1995-03-06,4.0,2.6,1.6
1995-03-07,2.6,1.5,1.1
1995-03-08,3.3,1.4,1.2
1995-03-09,4.1,4.2,4.3
1995-03-10,7.5,7.7,7.0
1995-03-11,9.2,7.1,6.9
1995-03-12,7.4,4.8,5.5
1995-03-13,5.2,6.9,8.6
1995-03-14,7.0,5.1,5.7
1995-03-15,3.7,2.5,2.2
1995-03-16,5.2,4.7,3.5
1995-03-17,8.6,5.8,2.9
1995-03-18,7.3,5.0,3.3
1995-03-19,4.8,3.3,2.4
1995-03-20,4.3,3.7,2.6
1995-03-21,4.1,4.4,3.0
1995-03-22,5.2,6.0,6.5
1995-03-23,6.4,7.2,7.6
1995-03-24,8.6,7.9,6.6
1995-03-25,9.2,7.3,4.3
1995-03-26,9.6,7.9,5.1
1995-03-27,5.1,3.3,1.5
1995-03-28,3.6,1.6,1.0
1995-03-29,3.5,0.8,1.7
1995-03-30,5.4,5.5,6.5
1995-03-31,10.8,10.4,9.4
1995-04-01,12.6,11.1,9.6
1995-04-02,11.3,10.6,9.3
1995-04-03,11.0,8.7,8.5
1995-04-04,10.0,9.8,5.0
1995-04-05,11.3,9.3,8.9
1995-04-06,12.1,9.6,9.1
1995-04-07,11.4,9.3,8.9
1995-04-08,7.6,7.1,5.4
1995-04-09,7.3,6.7,6.9
1995-04-10,10.8,9.3,8.8
1995-04-11,11.5,8.1,8.8
1995-04-12,9.7,8.2,8.6
1995-04-13,8.3,8.2,10.0
1995-04-14,10.7,8.8,8.5
1995-04-15,9.3,9.0,8.5
1995-04-16,9.0,7.4,7.5
1995-04-17,10.1,7.8,4.9
1995-04-18,7.2,4.6,3.1
1995-04-19,4.3,3.3,3.6
1995-04-20,4.6,4.1,4.5
1995-04-21,6.2,4.6,5.1
1995-04-22,8.6,4.9,4.4
1995-04-23,10.5,9.4,7.9
1995-04-24,10.3,9.0,8.0
1995-04-25,13.0,11.6,9.3
1995-04-26,10.0,7.4,5.4
1995-04-27,7.3,5.8,5.1
1995-04-28,7.4,6.8,5.8
1995-04-29,9.0,8.3,5.9
1995-04-30,11.1,12.3,10.3
1995-05-01,11.2,12.5,12.9
1995-05-02,14.7,14.6,13.6
1995-05-03,15.4,15.7,14.1
1995-05-04,16.0,16.6,14.7
1995-05-05,17.9,16.0,11.7
1995-05-06,18.4,15.4,11.1
1995-05-07,18.6,13.6,11.2
1995-05-08,13.0,10.0,9.6
1995-05-09,10.8,8.8,7.8
1995-05-10,9.9,8.1,6.5
1995-05-11,8.1,6.3,4.9
1995-05-12,7.4,5.5,4.2
1995-05-13,7.8,5.5,5.0
1995-05-14,8.3,7.0,5.5
1995-05-15,9.8,7.8,5.1
1995-05-16,10.1,6.6,5.3
1995-05-17,8.8,5.4,6.0
1995-05-18,8.0,7.4,6.0
1995-05-19,10.4,8.9,7.0
1995-05-20,10.8,9.8,7.5
1995-05-21,11.7,10.9,9.9
1995-05-22,12.5,13.2,11.0
1995-05-23,14.5,14.6,12.5
1995-05-24,14.5,15.1,10.2
1995-05-25,13.8,13.1,12.7
1995-05-26,13.8,12.9,12.3
1995-05-27,15.1,14.6,12.9
1995-05-28,15.6,14.7,13.4
1995-05-29,13.8,12.9,12.2
1995-05-30,13.1,12.2,12.6
1995-05-31,13.8,11.3,11.8
1995-06-01,13.4,11.1,11.2
1995-06-02,13.3,10.9,11.3
1995-06-03,12.2,11.0,10.9
1995-06-04,13.6,11.3,11.9
1995-06-05,13.9,11.5,10.5
1995-06-06,13.0,12.6,11.8
1995-06-07,14.2,11.8,10.5
1995-06-08,11.9,10.7,9.7
1995-06-09,12.5,11.5,11.6
1995-06-10,11.2,11.0,12.2
1995-06-11,11.7,11.4,10.7
1995-06-12,11.0,10.5,9.9
1995-06-13,11.3,10.6,11.6
1995-06-14,12.4,11.6,13.5
1995-06-15,13.0,12.3,13.6
1995-06-16,14.4,11.5,12.3
1995-06-17,13.0,13.0,12.4
1995-06-18,15.6,12.5,11.7
1995-06-19,16.0,15.1,14.9
1995-06-20,17.7,15.7,14.0
1995-06-21,16.5,13.1,13.0
1995-06-22,15.3,15.2,15.2
1995-06-23,14.2,14.9,14.6
1995-06-24,13.9,14.2,14.3
1995-06-25,16.6,15.6,14.6
1995-06-26,17.1,16.1,14.5
1995-06-27,17.7,16.2,14.8
1995-06-28,20.4,18.8,17.6
1995-06-29,19.3,20.3,16.9
1995-06-30,21.2,19.6,13.0
1995-07-01,16.4,14.8,13.3
1995-07-02,16.0,14.3,13.0
1995-07-03,15.4,13.4,12.4
1995-07-04,16.5,13.1,14.5
1995-07-05,17.9,15.0,13.8
1995-07-06,17.9,18.2,15.7
1995-07-07,19.1,17.9,14.5
1995-07-08,19.9,17.1,13.7
1995-07-09,19.3,17.2,13.7
1995-07-10,21.5,18.5,13.6
1995-07-11,22.3,19.6,15.0
1995-07-12,19.8,18.9,16.5
1995-07-13,19.4,18.0,16.7
1995-07-14,18.5,17.1,14.6
1995-07-15,17.8,16.1,15.1
1995-07-16,17.8,16.0,14.3
1995-07-17,17.7,15.8,14.7
1995-07-18,19.8,18.9,14.7
1995-07-19,21.7,21.2,18.0
1995-07-20,22.5,20.3,16.8
1995-07-21,21.8,15.8,13.1
1995-07-22,17.3,13.9,13.1
1995-07-23,17.7,15.8,14.1
1995-07-24,18.7,18.7,14.7
1995-07-25,19.8,20.0,18.8
1995-07-26,21.1,19.8,16.6
1995-07-27,19.3,20.5,17.9
1995-07-28,21.1,18.7,18.2
1995-07-29,22.1,20.7,18.8
1995-07-30,22.1,21.6,18.0
1995-07-31,23.4,22.9,17.6
1995-08-01,23.7,22.9,18.0
1995-08-02,24.0,22.3,17.9
1995-08-03,23.0,21.2,15.4
1995-08-04,19.2,17.4,14.3
1995-08-05,18.4,16.9,14.8
1995-08-06,18.8,17.7,14.8
1995-08-07,17.6,15.4,13.6
1995-08-08,16.6,15.1,15.4
1995-08-09,17.4,16.1,17.4
1995-08-10,20.2,19.6,17.8
1995-08-11,22.7,22.3,19.5
1995-08-12,22.6,20.0,17.9
1995-08-13,20.7,16.5,15.7
1995-08-14,19.2,16.0,15.9
1995-08-15,20.9,17.2,17.3
1995-08-16,22.3,18.5,18.7
1995-08-17,20.7,21.0,18.5
1995-08-18,21.6,21.0,19.7
1995-08-19,22.5,21.5,17.8
1995-08-20,21.7,21.7,18.8
1995-08-21,21.2,22.4,20.8
1995-08-22,21.0,21.2,18.1
1995-08-23,19.4,17.3,15.4
1995-08-24,18.5,16.6,14.8
1995-08-25,20.1,16.7,16.0
1995-08-26,18.4,15.5,12.9
1995-08-27,16.6,13.8,13.1
1995-08-28,14.7,12.9,12.2
1995-08-29,14.1,14.2,11.5
1995-08-30,15.3,15.3,16.0
1995-08-31,17.4,16.5,13.8
1995-09-01,16.1,15.2,15.2
1995-09-02,15.3,13.7,11.1
1995-09-03,13.7,13.0,13.2
1995-09-04,14.8,14.0,13.2
1995-09-05,14.1,11.6,11.6
1995-09-06,15.2,13.6,13.1
1995-09-07,16.8,14.9,12.5
1995-09-08,16.4,14.6,14.2
1995-09-09,15.9,13.8,13.2
1995-09-10,15.0,13.9,13.5
1995-09-11,15.7,13.4,12.8
1995-09-12,13.6,12.1,13.1
1995-09-13,13.0,12.3,13.2
1995-09-14,13.3,13.0,11.8
1995-09-15,13.6,13.6,12.7
1995-09-16,13.6,13.5,12.0
1995-09-17,14.0,13.7,13.0
1995-09-18,15.1,15.1,12.1
1995-09-19,15.8,14.2,12.3
1995-09-20,13.6,12.1,12.5
1995-09-21,13.4,12.4,13.0
1995-09-22,14.4,13.2,12.6
1995-09-23,14.0,12.1,12.2
1995-09-24,12.3,11.4,10.1
1995-09-25,12.1,12.0,11.6
1995-09-26,14.8,13.1,10.4
1995-09-27,12.2,9.5,8.0
1995-09-28,9.4,8.5,7.2
1995-09-29,10.0,9.3,8.2
1995-09-30,11.7,10.3,8.3
1995-10-01,15.0,13.0,11.3
1995-10-02,13.0,13.3,12.7
1995-10-03,14.6,13.9,13.0
1995-10-04,15.0,13.9,12.7
1995-10-05,12.8,11.5,10.9
1995-10-06,14.1,13.2,13.2
1995-10-07,16.2,14.5,12.5
1995-10-08,17.0,16.8,16.2
1995-10-09,17.0,15.1,14.0
1995-10-10,15.2,11.6,11.3
1995-10-11,14.8,13.3,11.8
1995-10-12,15.5,15.2,12.6
1995-10-13,14.7,14.1,11.7
1995-10-14,15.0,14.4,13.4
1995-10-15,14.4,14.6,13.0
1995-10-16,14.5,13.5,13.5
1995-10-17,15.6,14.2,12.9
1995-10-18,13.1,10.4,10.5
1995-10-19,11.5,12.0,12.3
1995-10-20,11.2,11.0,8.2
1995-10-21,9.7,8.2,7.3
1995-10-22,10.3,11.3,10.9
1995-10-23,11.0,12.2,12.1
1995-10-24,16.0,14.7,14.1
1995-10-25,12.5,10.6,9.5
1995-10-26,14.6,13.4,11.6
1995-10-27,13.3,10.4,8.0
1995-10-28,7.5,8.1,8.1
1995-10-29,8.0,6.7,7.4
1995-10-30,8.6,10.0,10.1
1995-10-31,8.4,10.4,12.0
1995-11-01,8.7,10.3,8.7
1995-11-02,7.0,7.1,6.1
1995-11-03,7.1,5.9,5.2
1995-11-04,5.0,3.5,4.8
1995-11-05,3.4,3.5,5.8
1995-11-06,3.1,3.4,7.8
1995-11-07,6.1,9.2,10.8
1995-11-08,10.4,10.7,9.7
1995-11-09,10.5,7.8,4.8
1995-11-10,9.4,6.3,5.4
1995-11-11,11.7,9.6,8.7
1995-11-12,11.9,11.4,10.3
1995-11-13,10.2,9.8,10.1
1995-11-14,10.2,9.4,8.4
1995-11-15,10.2,9.9,5.8
1995-11-16,8.2,4.8,2.7
1995-11-17,2.3,0.2,1.4
1995-11-18,1.5,1.4,2.8
1995-11-19,4.5,6.1,5.7
1995-11-20,4.3,3.8,3.8
1995-11-21,7.5,7.3,8.6
1995-11-22,8.8,8.5,8.6
1995-11-23,8.5,9.2,11.0
1995-11-24,10.8,10.5,10.7
1995-11-25,10.7,8.3,7.0
1995-11-26,8.9,7.7,6.3
1995-11-27,8.4,7.4,6.2
1995-11-28,8.0,7.2,7.3
1995-11-29,7.6,7.8,8.2
1995-11-30,5.3,5.7,7.0
1995-12-01,6.8,6.8,6.8
1995-12-02,9.8,8.9,8.0
1995-12-03,10.2,10.1,8.8
1995-12-04,6.3,5.9,5.9
1995-12-05,1.2,2.0,3.4
1995-12-06,-0.0,1.5,3.2
1995-12-07,-2.3,-0.4,1.6
1995-12-08,-2.9,1.1,-1.3
1995-12-09,-1.8,-0.1,2.7
1995-12-10,-1.0,0.8,7.1
1995-12-11,1.5,0.7,4.3
1995-12-12,5.4,3.9,2.9
1995-12-13,5.1,5.6,3.3
1995-12-14,3.6,4.6,4.7
1995-12-15,2.2,3.6,5.0
1995-12-16,3.3,3.5,5.7
1995-12-17,3.8,3.7,4.8
1995-12-18,3.6,3.4,3.3
1995-12-19,3.6,2.3,1.0
1995-12-20,2.7,0.0,-2.5
1995-12-21,2.0,0.3,-0.7
1995-12-22,10.1,5.2,2.7
1995-12-23,5.5,2.1,1.4
1995-12-24,2.9,-1.1,-0.9
1995-12-25,-0.1,-2.0,-1.1
1995-12-26,-1.9,-3.6,-4.3
1995-12-27,-1.8,-4.1,-6.3
1995-12-28,-2.5,-4.2,-6.7
1995-12-29,-2.1,-4.0,-7.2
1995-12-30,-0.4,-1.4,1.4
1995-12-31,1.9,0.9,3.0
1996-01-01,3.0,2.8,3.2
1996-01-02,3.9,3.3,3.9
1996-01-03,3.8,4.0,3.8
1996-01-04,4.7,4.5,4.0
1996-01-05,6.5,6.3,5.2
1996-01-06,5.1,5.2,4.3
1996-01-07,8.5,6.6,5.3
1996-01-08,9.0,8.0,7.4
1996-01-09,9.3,9.1,8.9
1996-01-10,8.0,7.3,6.1
1996-01-11,7.5,6.2,5.1
1996-01-12,9.3,8.9,7.5
1996-01-13,9.4,8.8,7.5
1996-01-14,7.9,8.4,8.1
1996-01-15,5.9,7.9,8.0
1996-01-16,5.9,6.9,8.0
1996-01-17,6.3,6.6,7.7
1996-01-18,5.2,5.8,7.8
1996-01-19,6.0,5.6,6.3
1996-01-20,4.1,3.6,4.5
1996-01-21,2.5,1.0,2.4
1996-01-22,4.2,2.0,3.1
1996-01-23,3.2,0.9,2.5
1996-01-24,3.0,0.6,2.4
1996-01-25,-1.3,-1.5,1.2
1996-01-26,-3.0,-1.0,0.4
1996-01-27,-2.6,-1.6,0.9
1996-01-28,0.4,-0.5,2.1
1996-01-29,0.3,-0.3,1.8
1996-01-30,1.6,0.8,2.2
1996-01-31,1.2,-0.3,1.9
1996-02-01,0.1,-0.3,1.1
1996-02-02,0.3,0.5,1.1
1996-02-03,0.5,0.8,0.7
1996-02-04,-0.7,-0.8,0.6
1996-02-05,-0.8,-0.8,0.8
1996-02-06,-0.7,-1.5,-0.7
1996-02-07,-0.8,-2.0,-1.7
1996-02-08,-0.3,-1.2,-0.7
1996-02-09,2.8,2.4,1.5
1996-02-10,5.9,5.6,4.2
1996-02-11,6.1,5.3,4.4
1996-02-12,4.4,3.2,4.1
1996-02-13,3.5,3.1,1.9
1996-02-14,2.2,0.6,0.5
1996-02-15,1.6,3.4,6.8
1996-02-16,6.5,6.5,6.5
1996-02-17,6.7,5.7,5.1
1996-02-18,5.9,4.0,2.9
1996-02-19,0.7,0.5,0.9
1996-02-20,-0.3,0.1,0.5
1996-02-21,-0.9,-0.2,0.5
1996-02-22,0.5,2.7,3.1
1996-02-23,4.1,2.6,4.3
1996-02-24,7.0,5.8,3.5
1996-02-25,6.1,2.8,1.7
1996-02-26,3.9,1.3,1.7
1996-02-27,3.7,1.8,3.2
1996-02-28,2.7,2.7,3.1
1996-02-29,3.3,3.0,6.2
1996-03-01,4.7,4.4,6.1
1996-03-02,4.9,6.4,6.4
1996-03-03,5.2,6.5,7.0
1996-03-04,5.1,5.5,4.3
1996-03-05,5.3,4.9,3.7
1996-03-06,4.9,5.5,5.1
1996-03-07,3.3,4.9,4.9
1996-03-08,4.7,3.2,2.9
1996-03-09,4.9,3.9,4.4
1996-03-10,4.5,4.4,4.4
1996-03-11,1.6,3.2,5.7
1996-03-12,0.9,-0.4,1.7
1996-03-13,0.3,-1.2,0.5
1996-03-14,1.5,0.1,1.2
1996-03-15,4.6,2.9,2.3
1996-03-16,5.1,2.3,2.7
1996-03-17,5.8,4.1,3.1
1996-03-18,5.2,4.3,3.8
1996-03-19,4.3,4.7,3.2
1996-03-20,4.2,2.9,2.7
1996-03-21,7.1,5.0,4.1
1996-03-22,7.8,5.4,2.6
1996-03-23,11.1,6.3,3.9
1996-03-24,7.4,5.7,3.9
1996-03-25,6.6,4.2,3.8
1996-03-26,3.8,3.1,2.6
1996-03-27,2.2,1.4,1.8
1996-03-28,3.4,4.0,4.6
1996-03-29,3.8,3.6,3.1
1996-03-30,3.0,2.2,2.3
1996-03-31,3.7,3.6,2.6
1996-04-01,1.9,2.4,3.4
1996-04-02,2.2,4.1,4.9
1996-04-03,2.1,4.6,6.4
1996-04-04,3.1,4.5,6.1
1996-04-05,5.0,4.6,4.9
1996-04-06,6.1,5.1,3.6
1996-04-07,7.5,6.8,5.4
1996-04-08,9.3,7.6,8.7
1996-04-09,10.2,10.7,10.5
1996-04-10,9.0,8.6,8.8
1996-04-11,9.3,8.5,6.3
1996-04-12,4.8,3.0,3.3
1996-04-13,5.1,4.0,3.5
1996-04-14,6.7,5.2,4.7
1996-04-15,9.2,9.3,9.3
1996-04-16,12.2,11.3,10.6
1996-04-17,10.8,9.3,9.0
1996-04-18,10.2,8.1,7.9
1996-04-19,11.0,8.8,8.8
1996-04-20,12.8,12.0,8.6
1996-04-21,14.0,13.3,7.6
1996-04-22,9.9,10.3,9.7
1996-04-23,10.4,9.2,6.6
1996-04-24,9.9,9.3,8.6
1996-04-25,10.4,9.4,9.0
1996-04-26,12.5,11.5,10.4
1996-04-27,12.7,9.6,9.5
1996-04-28,10.5,7.6,7.3
1996-04-29,7.8,6.7,7.1
1996-04-30,8.2,7.8,4.9
1996-05-01,9.8,7.6,4.5
1996-05-02,9.2,6.1,4.9
1996-05-03,6.8,5.3,4.6
1996-05-04,6.0,5.0,5.1
1996-05-05,7.2,5.8,6.3
1996-05-06,8.1,8.0,6.1
1996-05-07,8.2,7.3,7.0
1996-05-08,6.6,6.6,6.0
1996-05-09,6.8,5.9,5.7
1996-05-10,7.2,5.8,5.8
1996-05-11,7.4,6.9,5.6
1996-05-12,8.7,7.5,6.9
1996-05-13,10.0,9.0,9.8
1996-05-14,9.6,10.8,10.7
1996-05-15,8.7,7.3,7.2
1996-05-16,5.8,5.8,5.3
1996-05-17,6.2,6.3,5.2
1996-05-18,6.1,6.3,5.5
1996-05-19,9.0,7.3,6.8
1996-05-20,9.8,9.3,8.3
1996-05-21,10.3,9.7,8.9
1996-05-22,10.4,9.8,9.0
1996-05-23,12.9,11.3,10.3
1996-05-24,11.3,11.6,9.6
1996-05-25,11.7,10.4,10.5
1996-05-26,10.8,10.4,9.0
1996-05-27,12.2,11.2,9.7
1996-05-28,10.8,11.0,10.0
1996-05-29,14.5,13.5,11.9
1996-05-30,17.6,16.3,11.4
1996-05-31,14.1,12.6,11.6
1996-06-01,12.3,10.9,9.9
1996-06-02,12.0,11.2,10.1
1996-06-03,12.6,10.6,9.8
1996-06-04,15.2,13.9,12.4
1996-06-05,18.0,15.2,12.9
1996-06-06,21.1,16.5,14.0
1996-06-07,23.1,15.8,15.1
1996-06-08,17.9,13.0,13.1
1996-06-09,16.3,13.8,12.5
1996-06-10,17.0,15.2,13.6
1996-06-11,16.5,13.8,13.0
1996-06-12,16.3,11.8,11.3
1996-06-13,14.9,12.2,11.8
1996-06-14,13.7,13.5,14.1
1996-06-15,14.2,16.2,13.9
1996-06-16,16.3,17.9,16.1
1996-06-17,18.9,15.3,14.4
1996-06-18,16.8,13.1,12.8
1996-06-19,15.7,12.8,11.5
1996-06-20,12.4,11.1,10.5
1996-06-21,12.9,11.1,10.3
1996-06-22,13.0,11.4,11.7
1996-06-23,13.9,12.5,13.6
1996-06-24,14.8,13.3,15.8
1996-06-25,16.9,13.9,15.2
1996-06-26,18.8,13.1,14.6
1996-06-27,18.1,14.1,13.4
1996-06-28,16.0,13.6,13.4
1996-06-29,14.5,11.9,13.1
1996-06-30,15.2,12.6,12.3
1996-07-01,14.2,11.3,11.6
1996-07-02,14.7,12.7,12.0
1996-07-03,14.0,13.0,12.6
1996-07-04,14.9,13.0,12.0
1996-07-05,14.2,12.0,12.3
1996-07-06,13.3,11.3,12.0
1996-07-07,14.0,11.5,12.8
1996-07-08,14.8,11.9,12.8
1996-07-09,15.4,13.0,14.3
1996-07-10,18.3,14.4,14.3
1996-07-11,19.2,15.9,15.1
1996-07-12,18.4,16.0,14.0
1996-07-13,18.4,16.5,14.3
1996-07-14,19.8,14.2,13.5
1996-07-15,16.9,13.7,12.9
1996-07-16,14.4,13.6,13.7
1996-07-17,15.7,14.8,15.7
1996-07-18,17.0,17.8,14.1
1996-07-19,16.9,18.9,16.9
1996-07-20,18.9,20.2,18.5
1996-07-21,20.4,19.9,17.1
1996-07-22,21.8,20.0,16.6
1996-07-23,19.9,16.9,15.9
1996-07-24,16.5,14.9,14.3
1996-07-25,17.5,15.0,14.3
1996-07-26,20.0,15.9,14.9
1996-07-27,18.5,14.3,13.8
1996-07-28,18.0,14.4,14.0
1996-07-29,17.7,16.8,14.3
1996-07-30,18.7,15.8,14.0
1996-07-31,18.5,15.5,12.6
1996-08-01,16.8,14.2,13.4
1996-08-02,16.8,14.1,12.9
1996-08-03,17.5,14.2,14.0
1996-08-04,17.2,15.8,15.5
1996-08-05,19.2,18.8,17.3
1996-08-06,17.3,16.0,15.3
1996-08-07,16.8,14.4,15.6
1996-08-08,16.5,15.7,14.4
1996-08-09,17.0,16.9,15.7
1996-08-10,17.6,16.2,15.4
1996-08-11,15.9,15.2,14.5
1996-08-12,16.6,15.5,15.5
1996-08-13,17.1,15.8,14.8
1996-08-14,17.5,15.8,14.9
1996-08-15,17.1,16.5,16.4
1996-08-16,18.4,17.8,16.7
1996-08-17,18.9,17.4,16.2
1996-08-18,20.7,21.4,18.7
1996-08-19,21.1,21.3,18.7
1996-08-20,20.0,18.4,16.5
1996-08-21,17.9,16.3,15.1
1996-08-22,16.6,15.4,15.4
1996-08-23,16.3,15.3,15.1
1996-08-24,15.6,14.0,13.3
1996-08-25,15.8,13.3,12.8
1996-08-26,14.8,12.5,13.1
1996-08-27,14.1,13.5,13.5
1996-08-28,14.1,14.0,13.4
1996-08-29,14.2,12.9,13.8
1996-08-30,14.3,12.8,12.7
1996-08-31,13.3,12.3,12.0
1996-09-01,13.8,13.2,12.4
1996-09-02,16.1,15.7,17.0
1996-09-03,16.6,17.4,14.8
1996-09-04,14.8,14.1,13.4
1996-09-05,15.7,13.9,12.0
1996-09-06,14.7,13.1,12.5
1996-09-07,14.5,12.9,11.3
1996-09-08,14.6,12.7,12.4
1996-09-09,14.0,12.3,12.4
1996-09-10,13.6,12.3,13.2
1996-09-11,13.8,12.7,13.5
1996-09-12,13.6,11.9,10.8
1996-09-13,12.0,10.0,10.3
1996-09-14,12.0,10.8,11.8
1996-09-15,13.6,12.9,13.0
1996-09-16,13.6,14.3,13.3
1996-09-17,13.4,13.2,12.7
1996-09-18,12.5,12.9,12.4
1996-09-19,12.0,12.1,12.0
1996-09-20,12.8,12.7,12.2
1996-09-21,12.9,11.6,12.0
1996-09-22,11.8,10.5,10.9
1996-09-23,12.1,10.4,11.3
1996-09-24,12.4,11.3,12.9
1996-09-25,14.1,13.0,13.2
1996-09-26,13.7,12.2,13.2
1996-09-27,14.5,12.7,11.5
1996-09-28,14.2,13.2,11.1
1996-09-29,16.3,15.1,11.7
1996-09-30,13.3,11.2,10.3
1996-10-01,11.4,9.4,9.1
1996-10-02,11.0,9.9,9.4
1996-10-03,13.2,11.7,11.0
1996-10-04,11.1,9.4,8.8
1996-10-05,9.8,9.5,9.0
1996-10-06,9.9,11.5,12.7
1996-10-07,13.1,12.6,12.4
1996-10-08,13.9,11.2,8.5
1996-10-09,12.6,9.5,10.4
1996-10-10,11.4,9.0,8.3
1996-10-11,11.3,10.9,10.7
1996-10-12,12.9,12.7,12.5
1996-10-13,14.7,14.8,12.4
1996-10-14,14.9,14.8,13.2
1996-10-15,11.7,10.0,10.3
1996-10-16,10.3,8.8,7.7
1996-10-17,8.8,8.6,8.5
1996-10-18,11.5,10.8,10.2
1996-10-19,12.2,11.1,9.9
1996-10-20,14.0,13.2,12.2
1996-10-21,12.9,10.9,10.0
1996-10-22,11.7,12.3,10.9
1996-10-23,12.1,13.1,14.1
1996-10-24,12.9,13.9,13.8
1996-10-25,13.5,12.3,11.7
1996-10-26,11.0,9.2,9.0
1996-10-27,14.0,12.0,10.6
1996-10-28,13.7,12.4,9.3
1996-10-29,10.0,8.1,5.7
1996-10-30,8.6,9.0,8.6
1996-10-31,11.7,10.8,10.8
1996-11-01,12.6,11.1,10.8
1996-11-02,14.3,14.0,13.0
1996-11-03,14.5,13.0,11.3
1996-11-04,13.0,10.6,9.1
1996-11-05,10.0,8.4,6.3
1996-11-06,12.6,10.1,7.7
1996-11-07,9.3,5.2,2.8
1996-11-08,5.5,5.2,4.3
1996-11-09,7.3,5.3,3.2
1996-11-10,4.7,2.5,1.6
1996-11-11,3.7,3.5,2.9
1996-11-12,6.6,6.0,4.2
1996-11-13,3.7,2.7,4.1
1996-11-14,2.7,5.7,8.6
1996-11-15,3.0,7.8,9.5
1996-11-16,3.1,9.2,8.5
1996-11-17,6.1,5.1,3.6
1996-11-18,1.7,-0.5,-1.3
1996-11-19,2.8,0.8,1.1
1996-11-20,4.2,1.1,1.3
1996-11-21,0.4,-0.4,1.5
1996-11-22,1.9,2.9,-0.5
1996-11-23,1.1,1.0,0.5
1996-11-24,3.4,1.8,0.5
1996-11-25,7.4,5.4,3.1
1996-11-26,4.7,1.8,-0.2
1996-11-27,2.1,1.2,1.5
1996-11-28,0.6,-0.6,1.9
1996-11-29,7.4,5.6,4.1
1996-11-30,6.2,5.7,4.9
1996-12-01,7.0,6.9,6.6
1996-12-02,6.1,5.7,5.5
1996-12-03,8.0,5.1,2.1
1996-12-04,4.5,3.7,3.6
1996-12-05,2.6,1.7,0.2
1996-12-06,2.3,0.8,-2.9
1996-12-07,4.8,0.7,3.3
1996-12-08,4.9,1.5,8.1
1996-12-09,4.1,0.7,7.7
1996-12-10,3.2,2.0,6.5
1996-12-11,3.3,2.7,4.5
1996-12-12,2.1,1.6,2.4
1996-12-13,2.4,0.9,-0.5
1996-12-14,-0.5,2.3,5.9
1996-12-15,5.4,7.4,5.6
1996-12-16,5.0,4.5,5.5
1996-12-17,4.8,3.8,2.7
1996-12-18,8.1,8.1,4.6
1996-12-19,7.4,4.0,3.7
1996-12-20,5.3,2.1,3.3
1996-12-21,2.3,0.5,2.1
1996-12-22,2.5,1.1,1.8
1996-12-23,1.8,1.8,2.5
1996-12-24,0.4,0.3,0.3
1996-12-25,2.4,0.4,-0.2
1996-12-26,-1.2,-1.7,1.5
1996-12-27,0.6,0.9,1.2
1996-12-28,-0.5,1.1,1.9
1996-12-29,-0.0,0.2,1.1
1996-12-30,0.5,0.8,2.2
1996-12-31,-2.2,-0.9,0.3
1997-01-01,-2.2,-2.0,0.0
1997-01-02,-2.2,-0.6,1.5
1997-01-03,-2.1,-0.9,1.0
1997-01-04,-0.3,0.0,0.5
1997-01-05,0.3,0.0,-0.1
1997-01-06,-0.3,0.0,0.6
1997-01-07,-1.5,-2.0,1.1
1997-01-08,-1.3,-1.2,0.7
1997-01-09,-0.2,0.2,1.2
1997-01-10,-0.7,-1.2,1.5
1997-01-11,1.6,2.6,3.9
1997-01-12,6.2,8.4,9.9
1997-01-13,5.1,7.0,10.3
1997-01-14,0.4,3.4,9.0
1997-01-15,-0.0,1.7,8.6
1997-01-16,1.4,2.9,4.1
1997-01-17,5.1,5.5,4.6
1997-01-18,5.2,5.9,5.4
1997-01-19,4.8,3.5,4.0
1997-01-20,4.1,2.7,-0.3
1997-01-21,2.6,0.6,1.7
1997-01-22,5.3,0.7,-0.2
1997-01-23,5.8,2.1,1.1
1997-01-24,3.2,5.6,4.8
1997-01-25,3.0,5.8,3.1
1997-01-26,1.7,2.7,5.2
1997-01-27,3.7,4.4,5.2
1997-01-28,3.7,1.7,3.2
1997-01-29,4.0,1.5,2.9
1997-01-30,2.9,2.0,2.3
1997-01-31,3.2,1.9,2.3
1997-02-01,3.7,3.3,3.5
1997-02-02,4.2,3.5,3.9
1997-02-03,1.9,2.2,4.5
1997-02-04,7.5,6.7,2.9
1997-02-05,4.9,4.2,1.1
1997-02-06,7.2,8.1,7.7
1997-02-07,8.2,6.3,4.6
1997-02-08,3.1,3.9,5.2
1997-02-09,8.1,7.7,6.7
1997-02-10,7.6,6.9,5.6
1997-02-11,7.0,6.4,4.7
1997-02-12,10.4,9.7,6.6
1997-02-13,5.6,4.6,4.9
1997-02-14,2.7,3.2,2.8
1997-02-15,3.2,4.2,3.5
1997-02-16,4.4,5.3,5.4
1997-02-17,7.9,7.4,7.1
1997-02-18,7.1,4.8,3.1
1997-02-19,6.4,5.4,4.4
1997-02-20,8.1,7.4,5.4
1997-02-21,10.2,8.5,5.6
1997-02-22,9.1,9.2,9.0
1997-02-23,9.4,9.3,7.3
1997-02-24,8.7,6.2,4.6
1997-02-25,9.2,6.5,5.1
1997-02-26,7.6,5.1,2.6
1997-02-27,6.5,6.1,5.6
1997-02-28,9.4,8.7,6.6
1997-03-01,7.7,8.1,7.7
1997-03-02,9.7,7.8,5.3
1997-03-03,5.9,4.5,5.1
1997-03-04,8.2,3.9,4.9
1997-03-05,8.7,7.5,6.1
1997-03-06,7.3,5.0,4.9
1997-03-07,8.8,8.5,8.0
1997-03-08,9.0,7.2,4.3
1997-03-09,8.5,7.1,5.6
1997-03-10,7.3,7.5,6.9
1997-03-11,7.1,8.5,5.9
1997-03-12,9.4,8.6,6.8
1997-03-13,8.8,8.5,8.2
1997-03-14,10.6,9.2,9.1
1997-03-15,11.2,10.2,7.5
1997-03-16,10.8,10.0,8.5
1997-03-17,9.7,10.3,8.7
1997-03-18,9.0,8.5,7.6
1997-03-19,8.9,7.7,6.9
1997-03-20,7.6,5.5,6.2
1997-03-21,7.2,6.0,3.8
1997-03-22,5.5,7.8,7.2
1997-03-23,9.1,7.9,7.6
1997-03-24,8.4,6.7,7.1
1997-03-25,8.9,7.6,8.3
1997-03-26,10.3,10.1,8.6
1997-03-27,11.0,8.4,6.1
1997-03-28,7.8,5.9,5.7
1997-03-29,7.3,6.9,7.3
1997-03-30,7.1,6.3,7.5
1997-03-31,8.1,6.0,8.1
1997-04-01,8.8,7.8,9.1
1997-04-02,10.3,8.7,8.0
1997-04-03,8.8,7.1,5.5
1997-04-04,7.4,6.0,4.6
1997-04-05,11.7,9.5,9.6
1997-04-06,8.8,8.8,7.1
1997-04-07,6.4,9.7,10.4
1997-04-08,7.7,8.2,10.2
1997-04-09,10.5,9.7,9.0
1997-04-10,11.7,6.9,8.5
1997-04-11,8.5,7.3,7.2
1997-04-12,6.1,6.4,7.9
1997-04-13,9.4,7.1,9.5
1997-04-14,9.6,10.6,9.7
1997-04-15,6.9,8.0,7.7
1997-04-16,6.8,8.4,7.8
1997-04-17,7.8,8.9,8.9
1997-04-18,6.6,9.1,8.4
1997-04-19,6.2,5.9,4.8
1997-04-20,4.7,4.4,4.9
1997-04-21,6.4,5.2,6.7
1997-04-22,7.0,5.8,4.6
1997-04-23,8.6,8.5,7.2
1997-04-24,10.1,10.2,8.9
1997-04-25,9.3,6.7,5.5
1997-04-26,10.0,8.1,5.9
1997-04-27,11.6,11.6,9.5
1997-04-28,13.4,11.4,10.8
1997-04-29,12.6,10.0,10.6
1997-04-30,12.2,11.2,10.9
1997-05-01,13.7,14.5,14.0
1997-05-02,15.7,14.4,13.3
1997-05-03,16.3,15.3,8.7
1997-05-04,13.9,13.3,10.4
1997-05-05,13.2,7.9,4.9
1997-05-06,6.1,3.7,3.7
1997-05-07,5.8,4.4,4.7
1997-05-08,8.6,6.2,5.5
1997-05-09,9.5,7.3,5.9
1997-05-10,10.1,8.3,7.0
1997-05-11,11.1,9.0,8.2
1997-05-12,11.2,9.7,8.3
1997-05-13,11.8,10.3,9.3
1997-05-14,12.2,10.8,10.0
1997-05-15,11.4,12.3,10.8
1997-05-16,15.4,11.2,10.1
1997-05-17,17.9,15.2,9.5
1997-05-18,15.9,15.0,9.6
1997-05-19,14.3,14.1,9.3
1997-05-20,12.6,13.9,8.6
1997-05-21,11.9,10.3,8.2
1997-05-22,10.6,9.1,7.0
1997-05-23,10.7,8.9,6.9
1997-05-24,9.9,8.2,9.6
1997-05-25,11.1,10.1,11.4
1997-05-26,14.2,11.1,13.1
1997-05-27,13.5,12.4,10.5
1997-05-28,10.4,11.1,12.9
1997-05-29,13.1,13.7,15.0
1997-05-30,14.3,16.7,14.5
1997-05-31,14.8,16.4,11.2
1997-06-01,13.9,13.3,10.8
1997-06-02,15.3,12.9,10.8
1997-06-03,15.9,13.2,11.2
1997-06-04,14.4,14.1,12.5
1997-06-05,17.6,15.9,13.7
1997-06-06,18.8,16.5,14.9
1997-06-07,18.5,17.1,16.3
1997-06-08,16.8,15.7,14.4
1997-06-09,16.3,14.4,12.0
1997-06-10,17.9,16.4,14.2
1997-06-11,18.9,14.8,11.3
1997-06-12,16.7,15.2,11.8
1997-06-13,16.6,13.6,12.1
1997-06-14,14.7,11.6,10.2
1997-06-15,14.5,11.2,9.7
1997-06-16,14.2,12.8,11.1
1997-06-17,14.2,13.6,13.0
1997-06-18,14.9,13.6,12.5
1997-06-19,12.9,12.3,12.3
1997-06-20,12.4,10.9,11.9
1997-06-21,13.8,11.5,11.6
1997-06-22,13.3,13.1,13.5
1997-06-23,14.2,13.0,12.0
1997-06-24,13.2,12.2,10.7
1997-06-25,12.4,11.7,10.3
1997-06-26,13.3,9.8,9.9
1997-06-27,11.9,12.0,10.6
1997-06-28,13.3,13.4,13.1
1997-06-29,14.0,13.7,12.2
1997-06-30,12.4,11.9,11.4
1997-07-01,13.8,11.3,9.9
1997-07-02,13.1,11.8,11.5
1997-07-03,13.2,12.5,12.1
1997-07-04,14.8,12.8,13.8
1997-07-05,15.5,13.1,14.1
1997-07-06,17.2,15.2,15.5
1997-07-07,19.3,16.7,15.1
1997-07-08,19.5,18.8,17.2
1997-07-09,18.3,19.4,17.1
1997-07-10,16.7,17.5,15.7
1997-07-11,18.1,16.6,14.8
1997-07-12,18.2,18.0,15.7
1997-07-13,17.8,16.5,15.1
1997-07-14,17.8,15.6,14.0
1997-07-15,18.1,17.1,15.0
1997-07-16,17.7,15.3,14.9
1997-07-17,15.7,15.0,14.5
1997-07-18,15.7,16.0,14.9
1997-07-19,17.6,17.7,15.8
1997-07-20,16.6,17.9,15.4
1997-07-21,17.3,17.5,15.5
1997-07-22,18.3,17.6,14.7
1997-07-23,19.8,18.3,15.4
1997-07-24,18.5,16.5,15.7
1997-07-25,18.0,15.4,15.4
1997-07-26,16.8,15.3,13.9
1997-07-27,18.8,15.0,14.7
1997-07-28,18.6,15.7,15.1
1997-07-29,19.3,17.3,15.6
1997-07-30,18.4,15.8,14.2
1997-07-31,15.0,13.7,15.2
1997-08-01,18.6,16.3,15.5
1997-08-02,18.1,14.3,14.4
1997-08-03,16.8,15.8,14.5
1997-08-04,17.5,15.3,14.2
1997-08-05,17.8,15.9,13.7
1997-08-06,19.5,18.2,15.1
1997-08-07,20.7,19.9,16.1
1997-08-08,22.1,20.7,19.3
1997-08-09,22.5,19.0,17.9
1997-08-10,23.1,20.8,18.0
1997-08-11,24.1,21.6,17.5
1997-08-12,23.5,21.1,19.1
1997-08-13,22.0,18.9,18.7
1997-08-14,20.3,17.4,18.6
1997-08-15,21.0,18.7,18.2
1997-08-16,21.5,20.5,18.8
1997-08-17,21.7,19.5,17.9
1997-08-18,21.8,19.6,16.2
1997-08-19,22.7,21.4,18.0
1997-08-20,22.4,21.0,19.8
1997-08-21,21.3,19.1,18.0
1997-08-22,21.2,17.5,15.7
1997-08-23,21.1,17.2,14.1
1997-08-24,20.5,15.7,13.3
1997-08-25,18.5,14.8,14.7
1997-08-26,16.3,15.1,14.7
1997-08-27,16.2,15.3,15.1
1997-08-28,14.9,13.9,14.0
1997-08-29,16.5,14.6,13.4
1997-08-30,17.3,13.9,13.6
1997-08-31,17.8,14.6,12.4
1997-09-01,17.3,14.9,14.0
1997-09-02,15.5,14.0,13.1
1997-09-03,16.6,15.1,14.9
1997-09-04,16.8,14.1,13.4
1997-09-05,14.9,13.6,12.6
1997-09-06,14.6,13.3,12.2
1997-09-07,16.7,14.2,14.3
1997-09-08,15.9,14.0,14.0
1997-09-09,15.2,12.7,12.3
1997-09-10,14.2,12.1,11.6
1997-09-11,14.7,13.8,12.3
1997-09-12,14.6,11.4,10.0
1997-09-13,11.8,10.1,8.4
1997-09-14,12.2,11.9,11.2
1997-09-15,13.6,13.5,13.1
1997-09-16,14.8,15.3,12.6
1997-09-17,15.3,13.4,11.4
1997-09-18,15.7,13.3,9.0
1997-09-19,15.4,11.6,8.8
1997-09-20,14.0,12.4,8.9
1997-09-21,12.4,11.9,12.3
1997-09-22,12.9,11.1,13.2
1997-09-23,13.1,10.8,11.6
1997-09-24,14.4,11.5,12.0
1997-09-25,14.8,12.7,11.1
1997-09-26,14.9,12.0,10.6
1997-09-27,15.2,11.4,11.6
1997-09-28,15.3,13.1,12.9
1997-09-29,16.5,13.8,13.4
1997-09-30,17.9,13.9,10.2
1997-10-01,18.6,15.5,12.4
1997-10-02,14.6,11.8,11.0
1997-10-03,14.3,12.4,13.2
1997-10-04,14.7,13.8,14.0
1997-10-05,13.6,13.5,13.7
1997-10-06,15.1,13.3,13.6
1997-10-07,14.0,11.0,9.2
1997-10-08,15.1,11.6,10.9
1997-10-09,17.1,13.5,10.5
1997-10-10,14.0,11.2,9.7
1997-10-11,10.3,9.7,8.0
1997-10-12,9.1,7.5,6.6
1997-10-13,7.8,7.5,6.9
1997-10-14,6.7,6.1,6.0
1997-10-15,11.1,9.5,8.7
1997-10-16,12.8,12.2,12.4
1997-10-17,15.4,15.0,15.1
1997-10-18,14.2,13.2,14.1
1997-10-19,13.2,12.2,10.4
1997-10-20,12.2,8.7,6.9
1997-10-21,8.7,8.0,6.5
1997-10-22,7.4,5.2,4.8
1997-10-23,8.6,5.9,5.8
1997-10-24,7.4,4.4,3.8
1997-10-25,5.1,4.7,5.9
1997-10-26,6.4,4.5,6.1
1997-10-27,7.8,7.6,7.1
1997-10-28,4.3,3.7,4.9
1997-10-29,2.6,2.0,3.2
1997-10-30,4.0,4.2,9.9
1997-10-31,4.0,7.8,10.1
1997-11-01,4.0,9.1,11.0
1997-11-02,5.0,10.0,8.9
1997-11-03,8.2,9.2,8.7
1997-11-04,8.7,7.8,8.3
1997-11-05,12.1,10.8,9.0
1997-11-06,11.0,9.8,9.0
1997-11-07,9.2,6.6,6.5
1997-11-08,10.3,7.2,5.0
1997-11-09,8.1,6.5,4.8
1997-11-10,7.9,6.2,6.8
1997-11-11,6.0,7.1,7.7
1997-11-12,3.9,5.4,6.9
1997-11-13,3.5,3.3,5.5
1997-11-14,6.0,6.1,6.8
1997-11-15,12.8,11.1,9.8
1997-11-16,14.1,13.6,13.8
1997-11-17,12.8,12.2,12.1
1997-11-18,11.2,12.1,12.8
1997-11-19,11.1,10.4,10.7
1997-11-20,9.6,9.0,9.1
1997-11-21,6.7,6.1,7.0
1997-11-22,6.0,5.1,5.2
1997-11-23,6.4,6.4,5.7
1997-11-24,6.9,7.1,7.2
1997-11-25,7.1,5.8,7.1
1997-11-26,8.0,8.2,7.8
1997-11-27,8.9,8.0,7.9
1997-11-28,10.1,8.4,7.5
1997-11-29,8.9,8.7,7.2
1997-11-30,7.4,5.5,3.6
1997-12-01,2.4,0.5,-0.8
1997-12-02,1.4,-2.3,1.6
1997-12-03,1.6,-0.2,1.1
1997-12-04,2.0,-0.3,0.9
1997-12-05,0.5,3.1,5.6
1997-12-06,7.0,8.0,10.0
1997-12-07,7.7,8.0,9.6
1997-12-08,9.7,9.4,9.3
1997-12-09,9.2,8.4,7.6
1997-12-10,12.1,10.0,6.4
1997-12-11,11.1,8.3,4.6
1997-12-12,5.6,3.4,3.3
1997-12-13,3.3,5.0,7.2
1997-12-14,4.2,4.2,4.7
1997-12-15,4.5,3.7,4.4
1997-12-16,1.5,2.8,4.1
1997-12-17,1.7,1.3,3.4
1997-12-18,7.5,5.4,5.4
1997-12-19,6.4,6.0,6.5
1997-12-20,7.5,5.3,5.3
1997-12-21,5.5,5.1,6.7
1997-12-22,5.6,4.8,4.7
1997-12-23,8.6,7.5,6.6
1997-12-24,11.7,9.3,6.8
1997-12-25,9.6,7.9,5.5
1997-12-26,7.4,6.0,4.1
1997-12-27,4.6,5.3,4.4
1997-12-28,3.3,5.0,3.6
1997-12-29,4.8,5.6,1.3
1997-12-30,7.9,7.4,6.7
1997-12-31,6.8,5.4,5.1
1998-01-01,5.5,4.3,4.1
1998-01-02,7.2,5.6,5.5
1998-01-03,7.8,6.2,5.4
1998-01-04,6.1,4.9,2.4
1998-01-05,4.7,3.1,2.8
1998-01-06,5.1,4.1,2.7
1998-01-07,7.7,5.1,4.2
1998-01-08,9.6,7.8,3.4
1998-01-09,11.3,11.3,10.8
1998-01-10,8.0,9.8,11.7
1998-01-11,7.6,9.2,10.3
1998-01-12,9.2,9.2,7.9
1998-01-13,9.4,8.7,5.2
1998-01-14,7.1,5.4,4.7
1998-01-15,8.2,6.7,4.8
1998-01-16,6.4,5.6,3.3
1998-01-17,5.6,6.4,3.4
1998-01-18,6.6,6.5,4.4
1998-01-19,4.2,2.3,0.4
1998-01-20,1.8,0.3,-0.2
1998-01-21,1.6,2.8,4.6
1998-01-22,1.5,5.2,8.9
1998-01-23,1.1,2.3,5.5
1998-01-24,3.8,2.9,2.7
1998-01-25,2.9,1.7,1.6
1998-01-26,1.9,0.5,-0.2
1998-01-27,1.7,-1.5,1.1
1998-01-28,0.6,0.2,2.2
1998-01-29,3.1,2.3,1.3
1998-01-30,3.0,3.1,3.3
1998-01-31,2.1,1.8,3.0
1998-02-01,-1.1,0.1,3.2
1998-02-02,1.4,2.4,1.6
1998-02-03,-0.3,1.6,3.5
1998-02-04,2.0,5.1,5.5
1998-02-05,3.6,6.1,6.9
1998-02-06,5.7,6.3,6.9
1998-02-07,5.2,4.2,3.5
1998-02-08,4.5,5.8,7.6
1998-02-09,7.0,8.7,9.4
1998-02-10,7.8,9.4,7.6
1998-02-11,9.1,10.4,10.7
1998-02-12,10.7,11.7,11.0
1998-02-13,10.0,11.4,11.4
1998-02-14,8.2,11.3,11.6
1998-02-15,8.4,10.4,11.8
1998-02-16,10.2,8.7,8.5
1998-02-17,7.7,7.2,8.6
1998-02-18,5.2,6.9,8.6
1998-02-19,8.6,8.0,9.2
1998-02-20,10.0,10.2,10.2
1998-02-21,9.2,7.8,6.3
1998-02-22,5.6,5.8,5.3
1998-02-23,6.7,8.7,9.6
1998-02-24,7.9,8.2,9.5
1998-02-25,8.1,6.9,7.4
1998-02-26,7.9,7.0,6.7
1998-02-27,8.5,6.1,4.5
1998-02-28,4.9,2.3,1.0
1998-03-01,5.1,3.6,0.6
1998-03-02,7.9,6.7,4.6
1998-03-03,11.5,8.9,5.9
1998-03-04,9.2,5.7,3.4
1998-03-05,6.6,4.1,1.5
1998-03-06,9.2,4.9,1.1
1998-03-07,10.3,8.6,4.3
1998-03-08,6.8,4.6,2.7
1998-03-09,3.5,3.2,2.7
1998-03-10,4.2,5.1,5.0
1998-03-11,6.7,6.3,4.5
1998-03-12,4.3,4.0,4.0
1998-03-13,8.5,7.3,7.7
1998-03-14,8.8,6.4,8.3
1998-03-15,8.8,7.3,9.2
1998-03-16,8.1,8.0,9.1
1998-03-17,9.2,8.9,7.7
1998-03-18,9.0,7.9,6.5
1998-03-19,6.8,5.4,5.9
1998-03-20,7.5,7.5,8.7
1998-03-21,8.4,8.0,7.1
1998-03-22,7.2,6.1,6.6
1998-03-23,6.8,6.8,6.5
1998-03-24,5.0,6.3,7.0
1998-03-25,6.3,8.2,7.4
1998-03-26,9.4,10.4,8.7
1998-03-27,11.5,10.6,8.8
1998-03-28,11.3,11.9,10.4
1998-03-29,12.5,12.2,9.0
1998-03-30,13.2,12.3,10.8
1998-03-31,9.9,10.0,8.8
1998-04-01,10.7,8.5,5.9
1998-04-02,10.8,6.6,5.2
1998-04-03,9.7,8.7,4.2
1998-04-04,10.3,8.8,6.3
1998-04-05,9.5,8.2,5.6
1998-04-06,8.8,7.8,6.3
1998-04-07,7.8,6.4,6.6
1998-04-08,7.7,7.0,4.8
1998-04-09,7.0,5.2,2.8
1998-04-10,6.4,3.1,2.5
1998-04-11,5.2,3.8,2.9
1998-04-12,3.6,2.4,2.7
1998-04-13,3.3,2.5,2.3
1998-04-14,3.9,2.6,2.3
1998-04-15,3.5,2.9,3.2
1998-04-16,4.8,3.1,2.1
1998-04-17,6.2,6.1,5.8
1998-04-18,6.5,6.4,4.7
1998-04-19,7.6,6.7,5.9
1998-04-20,9.3,8.0,7.6
1998-04-21,8.8,7.9,8.1
1998-04-22,14.2,11.7,11.1
1998-04-23,10.9,10.6,10.5
1998-04-24,11.4,10.5,8.6
1998-04-25,11.1,10.2,8.6
1998-04-26,9.9,9.0,8.5
1998-04-27,8.9,8.3,8.4
1998-04-28,9.1,8.5,8.2
1998-04-29,10.6,10.0,8.6
1998-04-30,10.0,9.3,8.0
1998-05-01,8.5,9.0,7.9
1998-05-02,9.7,8.9,8.6
1998-05-03,8.3,9.0,8.8
1998-05-04,9.4,8.5,9.6
1998-05-05,11.1,9.2,7.8
1998-05-06,12.4,10.8,8.2
1998-05-07,12.5,13.1,9.7
1998-05-08,14.6,13.8,9.9
1998-05-09,16.5,14.5,11.7
1998-05-10,14.4,10.1,10.2
1998-05-11,15.6,9.5,8.2
1998-05-12,16.9,12.7,9.2
1998-05-13,17.9,15.9,10.4
1998-05-14,18.2,16.5,12.0
1998-05-15,17.2,16.1,11.7
1998-05-16,15.3,15.2,12.4
1998-05-17,14.1,14.1,12.5
1998-05-18,14.5,15.2,14.6
1998-05-19,14.7,16.3,13.5
1998-05-20,16.2,14.6,10.1
1998-05-21,13.8,13.6,10.9
1998-05-22,11.7,12.6,11.6
1998-05-23,13.2,12.0,13.1
1998-05-24,14.4,11.9,13.4
1998-05-25,14.0,12.0,11.5
1998-05-26,12.6,10.2,9.0
1998-05-27,10.1,8.9,8.5
1998-05-28,12.3,10.8,9.9
1998-05-29,13.4,14.1,10.5
1998-05-30,14.3,14.3,9.8
1998-05-31,14.6,14.1,8.8
1998-06-01,14.7,14.7,7.7
1998-06-02,15.0,9.6,7.8
1998-06-03,14.1,9.8,8.3
1998-06-04,12.7,12.0,10.9
1998-06-05,13.5,12.5,11.9
1998-06-06,16.8,14.0,10.7
1998-06-07,15.4,13.2,13.2
1998-06-08,14.0,12.7,10.9
1998-06-09,16.1,14.6,12.4
1998-06-10,14.2,12.9,10.3
1998-06-11,10.4,9.6,8.4
1998-06-12,11.2,9.9,8.9
1998-06-13,11.5,10.6,9.6
1998-06-14,13.4,12.6,10.4
1998-06-15,13.6,12.6,10.5
1998-06-16,13.7,12.1,11.1
1998-06-17,13.3,11.9,11.6
1998-06-18,15.0,14.5,11.4
1998-06-19,18.1,18.3,15.1
1998-06-20,21.3,20.2,17.4
1998-06-21,19.8,17.5,16.2
1998-06-22,16.0,14.6,13.4
1998-06-23,16.2,16.1,14.8
1998-06-24,17.7,16.2,15.1
1998-06-25,15.6,14.2,14.0
1998-06-26,13.9,13.0,13.0
1998-06-27,14.9,13.1,12.8
1998-06-28,15.3,13.6,13.3
1998-06-29,14.8,13.2,13.1
1998-06-30,15.6,13.0,13.6
1998-07-01,15.3,13.7,13.3
1998-07-02,13.7,14.4,13.4
1998-07-03,14.5,13.4,14.3
1998-07-04,15.6,14.1,13.6
1998-07-05,17.4,14.6,14.0
1998-07-06,16.2,14.4,13.0
1998-07-07,14.8,13.6,12.5
1998-07-08,15.5,13.5,13.3
1998-07-09,17.0,14.1,14.6
1998-07-10,16.9,14.4,12.9
1998-07-11,15.6,14.1,12.8
1998-07-12,16.6,14.7,10.4
1998-07-13,15.2,12.1,12.1
1998-07-14,14.7,13.1,13.0
1998-07-15,15.3,13.3,12.6
1998-07-16,16.2,14.4,13.5
1998-07-17,16.0,13.1,12.7
1998-07-18,15.4,13.6,13.2
1998-07-19,16.2,14.9,12.5
1998-07-20,18.6,17.4,17.0
1998-07-21,16.9,15.8,14.8
1998-07-22,17.0,15.5,14.3
1998-07-23,17.7,14.5,14.0
1998-07-24,16.0,12.9,12.5
1998-07-25,15.9,13.8,12.6
1998-07-26,16.0,14.6,13.0
1998-07-27,16.4,15.5,14.4
1998-07-28,16.3,15.5,14.7
1998-07-29,16.6,14.0,13.2
1998-07-30,15.8,13.4,13.7
1998-07-31,15.5,14.3,14.5
1998-08-01,14.7,13.8,13.3
1998-08-02,14.7,14.0,14.1
1998-08-03,15.1,14.4,14.0
1998-08-04,17.3,15.1,14.1
1998-08-05,17.6,14.4,14.6
1998-08-06,17.4,15.6,15.1
1998-08-07,19.0,16.8,13.3
1998-08-08,19.7,16.6,15.8
1998-08-09,18.1,18.0,15.0
1998-08-10,21.6,17.7,17.3
1998-08-11,22.4,18.3,17.1
1998-08-12,18.4,15.0,15.0
1998-08-13,16.9,14.4,13.5
1998-08-14,18.6,17.0,15.1
1998-08-15,17.5,14.1,13.4
1998-08-16,17.4,15.1,14.1
1998-08-17,18.0,15.3,15.0
1998-08-18,17.7,13.1,12.8
1998-08-19,17.5,14.2,13.9
1998-08-20,16.8,15.0,13.2
1998-08-21,17.7,14.0,12.9
1998-08-22,15.3,13.0,12.5
1998-08-23,13.5,13.1,11.5
1998-08-24,14.7,13.0,11.2
1998-08-25,15.3,13.2,10.5
1998-08-26,15.8,13.2,11.3
1998-08-27,13.4,12.0,11.6
1998-08-28,13.4,12.3,12.8
1998-08-29,15.6,13.4,14.0
1998-08-30,16.3,15.6,14.9
1998-08-31,15.9,15.5,14.5
1998-09-01,18.2,15.7,13.7
1998-09-02,16.6,15.1,14.2
1998-09-03,16.6,14.9,13.7
1998-09-04,15.6,14.9,12.8
1998-09-05,16.1,14.9,13.9
1998-09-06,16.2,15.5,14.3
1998-09-07,17.8,17.5,16.6
1998-09-08,17.3,16.2,14.9
1998-09-09,17.2,15.4,14.6
1998-09-10,15.7,13.5,14.0
1998-09-11,13.1,11.2,11.2
1998-09-12,10.0,8.7,8.6
1998-09-13,10.5,9.7,9.9
1998-09-14,12.2,11.3,11.2
1998-09-15,13.0,11.3,10.0
1998-09-16,12.9,11.4,11.0
1998-09-17,12.8,11.9,11.3
1998-09-18,15.2,14.5,14.3
1998-09-19,17.0,14.1,14.5
1998-09-20,15.5,17.0,16.3
1998-09-21,15.7,14.0,15.3
1998-09-22,14.7,13.5,12.1
1998-09-23,15.0,13.9,12.3
1998-09-24,15.4,14.1,11.9
1998-09-25,16.3,14.7,11.9
1998-09-26,16.6,14.4,12.1
1998-09-27,15.7,14.6,12.5
1998-09-28,15.2,13.9,12.3
1998-09-29,13.5,12.8,11.5
1998-09-30,14.7,13.5,11.9
1998-10-01,13.7,13.1,11.9
1998-10-02,11.8,11.0,10.8
1998-10-03,9.7,8.9,9.3
1998-10-04,9.5,9.4,9.0
1998-10-05,9.4,9.6,9.4
1998-10-06,10.3,10.4,10.1
1998-10-07,10.7,9.6,8.7
1998-10-08,11.0,8.3,7.5
1998-10-09,11.3,8.5,11.2
1998-10-10,11.9,10.8,9.8
1998-10-11,12.2,11.1,9.1
1998-10-12,10.9,10.5,9.5
1998-10-13,12.4,12.5,10.3
1998-10-14,14.9,12.5,9.2
1998-10-15,10.5,9.3,7.8
1998-10-16,12.1,11.2,7.7
1998-10-17,11.9,7.9,5.8
1998-10-18,6.1,5.1,5.3
1998-10-19,7.6,7.3,4.9
1998-10-20,9.2,7.4,4.4
1998-10-21,14.7,13.7,12.9
1998-10-22,15.7,15.1,13.2
1998-10-23,13.9,11.1,9.0
1998-10-24,10.5,9.2,8.3
1998-10-25,10.1,8.0,7.1
1998-10-26,7.9,7.0,5.8
1998-10-27,13.2,11.0,7.5
1998-10-28,12.6,8.9,6.7
1998-10-29,9.0,7.2,5.9
1998-10-30,8.2,6.9,5.3
1998-10-31,8.1,6.9,4.4
1998-11-01,6.5,4.4,3.5
1998-11-02,7.1,5.7,2.7
1998-11-03,7.1,5.8,4.9
1998-11-04,4.3,2.4,2.0
1998-11-05,6.0,6.4,4.7
1998-11-06,7.7,6.6,3.7
1998-11-07,7.4,7.8,9.1
1998-11-08,11.3,10.3,10.3
1998-11-09,13.3,11.8,10.3
1998-11-10,8.5,7.4,6.2
1998-11-11,5.8,6.1,6.3
1998-11-12,8.0,7.2,7.0
1998-11-13,6.2,6.0,6.0
1998-11-14,5.6,5.5,5.4
1998-11-15,5.5,3.6,3.0
1998-11-16,2.7,0.6,1.1
1998-11-17,1.4,0.7,1.6
1998-11-18,3.4,3.2,2.0
1998-11-19,4.2,4.4,2.6
1998-11-20,2.8,4.6,5.5
1998-11-21,2.7,6.1,10.1
1998-11-22,1.9,4.0,7.8
1998-11-23,1.1,4.1,4.6
1998-11-24,4.8,5.9,7.0
1998-11-25,5.2,5.3,5.9
1998-11-26,6.3,7.4,6.7
1998-11-27,7.2,8.2,7.1
1998-11-28,8.7,7.9,7.6
1998-11-29,3.9,3.5,4.2
1998-11-30,4.6,3.1,7.3
1998-12-01,4.0,3.9,8.7
1998-12-02,2.2,2.4,6.4
1998-12-03,1.4,2.1,5.1
1998-12-04,2.3,0.4,0.8
1998-12-05,0.1,-0.7,-0.3
1998-12-06,-1.6,-1.3,-1.6
1998-12-07,1.8,2.8,3.5
1998-12-08,7.8,7.6,8.0
1998-12-09,9.0,5.4,6.7
1998-12-10,8.0,7.7,9.2
1998-12-11,6.5,6.9,7.3
1998-12-12,11.8,9.6,8.3
1998-12-13,8.8,8.3,7.1
1998-12-14,12.2,12.7,11.6
1998-12-15,11.3,8.0,6.8
1998-12-16,6.8,6.3,8.1
1998-12-17,7.0,8.6,10.5
1998-12-18,8.4,6.5,5.6
1998-12-19,5.1,4.5,2.6
1998-12-20,2.0,-1.1,-0.5
1998-12-21,-0.5,0.2,1.1
1998-12-22,5.0,3.2,5.0
1998-12-23,6.9,4.4,3.3
1998-12-24,3.7,4.4,5.8
1998-12-25,10.1,8.7,5.8
1998-12-26,8.2,6.0,3.9
1998-12-27,7.6,5.1,2.7
1998-12-28,5.1,2.8,1.0
1998-12-29,5.0,4.0,3.1
1998-12-30,9.7,8.3,6.6
1998-12-31,8.6,7.7,5.4
1999-01-01,7.7,7.4,6.6
1999-01-02,7.2,5.8,5.8
1999-01-03,6.1,4.1,4.8
1999-01-04,11.4,8.6,6.3
1999-01-05,11.7,10.7,4.1
1999-01-06,11.4,8.1,4.3
1999-01-07,5.9,5.2,3.2
1999-01-08,4.2,3.6,2.0
1999-01-09,2.1,0.4,-1.1
1999-01-10,0.0,-1.4,-2.8
1999-01-11,0.5,-1.3,-1.7
1999-01-12,1.3,1.9,2.2
1999-01-13,4.3,4.5,3.1
1999-01-14,5.7,4.9,3.2
1999-01-15,8.6,8.0,5.1
1999-01-16,7.6,4.1,2.3
1999-01-17,5.0,3.5,3.2
1999-01-18,6.2,4.5,4.4
1999-01-19,10.9,9.5,7.3
1999-01-20,10.5,7.9,4.8
1999-01-21,4.3,3.6,4.2
1999-01-22,0.3,0.6,4.5
1999-01-23,5.7,3.4,6.0
1999-01-24,7.7,6.0,5.0
1999-01-25,9.9,7.0,2.3
1999-01-26,5.2,4.1,2.7
1999-01-27,5.1,4.4,2.7
1999-01-28,8.2,6.4,4.8
1999-01-29,4.5,4.5,4.7
1999-01-30,3.1,6.9,7.3
1999-01-31,3.6,7.5,7.5
1999-02-01,6.6,6.4,6.8
1999-02-02,5.1,4.1,6.7
1999-02-03,6.9,7.9,9.1
1999-02-04,9.3,8.1,7.5
1999-02-05,6.8,5.9,4.3
1999-02-06,6.3,5.0,2.9
1999-02-07,2.0,0.6,-0.2
1999-02-08,0.9,-0.0,-1.0
1999-02-09,-0.9,-1.6,-0.6
1999-02-10,0.2,-0.7,0.4
1999-02-11,0.9,1.6,3.8
1999-02-12,3.4,2.2,4.2
1999-02-13,1.7,4.7,2.3
1999-02-14,1.7,5.7,6.5
1999-02-15,5.4,5.0,6.8
1999-02-16,6.2,5.1,3.3
1999-02-17,5.3,4.6,1.2
1999-02-18,9.2,7.9,6.6
1999-02-19,10.2,8.3,6.5
1999-02-20,6.9,5.8,4.2
1999-02-21,7.1,4.7,3.0
1999-02-22,4.3,3.2,2.5
1999-02-23,3.7,2.7,1.5
1999-02-24,3.9,2.9,2.4
1999-02-25,4.5,6.2,7.6
1999-02-26,8.1,8.4,5.6
1999-02-27,7.6,5.3,3.3
1999-02-28,7.8,6.6,3.7
1999-03-01,11.4,8.1,4.3
1999-03-02,10.7,9.1,5.3
1999-03-03,7.7,5.8,4.3
1999-03-04,5.1,3.3,3.1
1999-03-05,3.7,2.5,2.4
1999-03-06,3.2,1.9,3.1
1999-03-07,3.4,2.7,3.8
1999-03-08,4.8,3.6,2.5
1999-03-09,4.2,3.2,3.5
1999-03-10,3.1,3.1,3.1
1999-03-11,4.6,3.5,4.4
1999-03-12,10.0,7.2,7.6
1999-03-13,10.0,6.3,6.3
1999-03-14,7.3,6.8,6.2
1999-03-15,7.5,7.8,8.3
1999-03-16,7.9,8.4,10.1
1999-03-17,9.9,9.3,9.7
1999-03-18,8.5,7.0,7.2
1999-03-19,6.9,6.9,6.8
1999-03-20,6.8,5.9,6.9
1999-03-21,7.3,6.8,7.1
1999-03-22,6.7,5.9,4.9
1999-03-23,10.4,8.7,8.1
1999-03-24,8.6,8.7,7.4
1999-03-25,8.5,7.3,5.8
1999-03-26,6.4,5.1,5.3
1999-03-27,6.4,5.1,4.5
1999-03-28,7.6,6.9,4.9
1999-03-29,10.7,10.6,9.8
1999-03-30,10.6,9.1,8.6
1999-03-31,12.6,11.3,7.9
1999-04-01,12.4,12.8,10.1
1999-04-02,10.9,10.8,8.2
1999-04-03,9.7,10.0,7.9
1999-04-04,12.6,12.0,9.8
1999-04-05,12.0,13.2,11.3
1999-04-06,11.9,11.2,9.6
1999-04-07,9.6,8.7,9.4
1999-04-08,10.6,8.7,9.4
1999-04-09,12.3,11.7,10.7
1999-04-10,10.4,9.1,8.9
1999-04-11,8.7,8.1,6.9
1999-04-12,9.2,7.2,6.4
1999-04-13,6.1,3.5,2.5
1999-04-14,3.4,2.5,2.5
1999-04-15,4.8,3.2,4.5
1999-04-16,5.0,3.6,2.7
1999-04-17,5.6,4.5,3.4
1999-04-18,5.8,3.4,3.8
1999-04-19,6.0,5.6,3.6
1999-04-20,9.0,6.8,5.1
1999-04-21,10.8,9.9,9.3
1999-04-22,10.7,9.8,8.8
1999-04-23,9.9,8.4,8.9
1999-04-24,10.8,9.6,8.3
1999-04-25,10.4,10.1,8.0
1999-04-26,12.2,10.3,8.0
1999-04-27,12.4,12.0,10.5
1999-04-28,11.5,11.7,10.9
1999-04-29,9.3,11.3,11.4
1999-04-30,11.1,11.5,8.9
1999-05-01,12.9,11.3,8.3
1999-05-02,13.1,10.5,8.9
1999-05-03,13.7,14.4,11.3
1999-05-04,12.0,11.3,10.2
1999-05-05,13.0,10.9,8.6
1999-05-06,12.8,12.5,8.9
1999-05-07,12.4,13.1,9.5
1999-05-08,12.4,12.3,8.6
1999-05-09,15.4,14.6,12.0
1999-05-10,14.2,13.4,12.5
1999-05-11,13.7,12.8,11.7
1999-05-12,12.8,12.0,11.1
1999-05-13,12.3,11.8,9.3
1999-05-14,12.4,11.4,10.1
1999-05-15,11.3,11.2,9.6
1999-05-16,10.1,11.5,8.9
1999-05-17,11.0,8.7,8.0
1999-05-18,12.2,11.3,9.0
1999-05-19,15.2,13.4,10.3
1999-05-20,15.1,12.9,12.1
1999-05-21,14.5,11.1,9.6
1999-05-22,12.1,10.9,9.3
1999-05-23,13.4,13.4,11.0
1999-05-24,14.3,12.1,9.4
1999-05-25,13.2,10.8,9.7
1999-05-26,14.0,13.4,12.5
1999-05-27,16.7,15.7,14.4
1999-05-28,16.3,15.3,11.3
1999-05-29,16.4,13.5,8.9
1999-05-30,12.8,9.5,7.7
1999-05-31,12.2,10.6,10.3
1999-06-01,14.8,14.5,12.5
1999-06-02,15.1,12.4,11.2
1999-06-03,13.8,13.1,10.0
1999-06-04,13.2,11.4,10.2
1999-06-05,11.5,10.8,10.3
1999-06-06,12.7,11.3,9.2
1999-06-07,12.5,10.3,8.5
1999-06-08,12.0,10.3,10.6
1999-06-09,12.8,10.5,11.6
1999-06-10,12.6,12.0,12.0
1999-06-11,12.7,11.9,10.6
1999-06-12,12.8,12.3,11.0
1999-06-13,13.7,12.5,11.1
1999-06-14,16.5,15.0,13.4
1999-06-15,17.4,16.1,12.9
1999-06-16,18.4,16.1,14.5
1999-06-17,16.4,13.2,13.2
1999-06-18,16.1,13.7,13.4
1999-06-19,17.0,15.6,12.7
1999-06-20,15.3,12.1,11.4
1999-06-21,12.6,10.9,10.7
1999-06-22,12.9,11.7,10.4
1999-06-23,15.2,14.0,11.1
1999-06-24,15.9,15.5,14.6
1999-06-25,14.9,17.2,15.9
1999-06-26,17.6,17.0,16.8
1999-06-27,15.6,13.3,12.8
1999-06-28,14.1,12.2,11.3
1999-06-29,15.7,12.9,12.1
1999-06-30,16.0,13.4,12.4
1999-07-01,16.7,14.4,14.8
1999-07-02,19.0,18.2,12.9
1999-07-03,18.8,17.5,12.9
1999-07-04,17.2,16.6,15.7
1999-07-05,17.6,17.2,16.0
1999-07-06,18.8,16.9,15.8
1999-07-07,19.3,17.0,15.5
1999-07-08,20.3,19.0,19.0
1999-07-09,18.9,20.3,18.8
1999-07-10,19.1,18.7,17.4
1999-07-11,19.7,17.8,15.3
1999-07-12,19.5,17.4,16.9
1999-07-13,18.3,15.7,14.5
1999-07-14,16.1,13.7,12.9
1999-07-15,15.8,13.9,12.5
1999-07-16,17.4,16.3,14.2
1999-07-17,19.1,16.8,13.8
1999-07-18,19.8,18.4,13.8
1999-07-19,19.6,17.7,16.1
1999-07-20,18.5,16.7,14.5
1999-07-21,16.2,13.6,12.7
1999-07-22,15.0,14.0,13.4
1999-07-23,17.6,15.5,15.1
1999-07-24,20.7,18.2,15.1
1999-07-25,20.0,16.0,13.3
1999-07-26,16.3,14.8,14.0
1999-07-27,15.9,13.7,14.5
1999-07-28,17.2,14.3,12.9
1999-07-29,18.9,16.2,13.9
1999-07-30,20.9,19.0,14.9
1999-07-31,22.1,20.6,16.2
1999-08-01,22.9,21.5,17.1
1999-08-02,23.2,22.1,17.9
1999-08-03,19.8,19.8,17.4
1999-08-04,19.8,19.8,17.1
1999-08-05,19.7,17.3,16.7
1999-08-06,19.7,18.8,15.3
1999-08-07,18.7,17.0,13.5
1999-08-08,17.1,15.6,12.9
1999-08-09,17.3,13.6,12.0
1999-08-10,15.1,13.8,11.4
1999-08-11,15.4,13.9,12.0
1999-08-12,16.0,13.7,12.5
1999-08-13,16.5,15.3,14.6
1999-08-14,15.9,13.8,13.5
1999-08-15,15.2,13.1,12.8
1999-08-16,13.5,12.6,12.2
1999-08-17,12.9,12.1,12.2
1999-08-18,14.6,13.6,12.7
1999-08-19,15.0,12.8,13.3
1999-08-20,14.1,12.5,11.2
1999-08-21,13.4,12.6,11.7
1999-08-22,13.9,12.8,12.0
1999-08-23,15.1,13.9,11.8
1999-08-24,15.5,14.2,12.7
1999-08-25,19.5,16.9,13.4
1999-08-26,18.1,16.5,15.4
1999-08-27,16.4,15.5,15.0
1999-08-28,17.5,15.6,14.6
1999-08-29,17.9,15.8,13.7
1999-08-30,16.8,14.1,13.4
1999-08-31,16.7,15.6,15.4
1999-09-01,17.9,16.6,17.3
1999-09-02,18.5,18.6,18.6
1999-09-03,18.3,17.7,17.6
1999-09-04,18.2,18.0,18.3
1999-09-05,19.4,18.4,19.0
1999-09-06,19.7,18.8,17.1
1999-09-07,17.8,15.7,13.7
1999-09-08,17.0,15.9,13.7
1999-09-09,17.2,13.2,12.7
1999-09-10,16.9,14.6,14.3
1999-09-11,21.0,19.2,16.0
1999-09-12,17.5,13.4,11.9
1999-09-13,14.3,13.5,12.5
1999-09-14,13.5,12.6,11.4
1999-09-15,13.5,13.3,11.8
1999-09-16,14.4,12.7,11.7
1999-09-17,14.2,12.7,11.2
1999-09-18,15.5,14.4,13.6
1999-09-19,15.6,15.0,14.7
1999-09-20,15.3,15.4,14.5
1999-09-21,14.6,14.2,14.4
1999-09-22,15.8,14.8,13.0
1999-09-23,16.0,15.2,14.3
1999-09-24,15.8,14.7,13.6
1999-09-25,14.8,13.4,12.6
1999-09-26,13.6,11.5,10.8
1999-09-27,14.9,12.6,10.9
1999-09-28,14.3,13.2,11.3
1999-09-29,15.2,13.6,11.7
1999-09-30,14.4,11.6,10.4
1999-10-01,13.3,10.7,8.6
1999-10-02,12.6,9.1,8.0
1999-10-03,10.6,9.6,8.5
1999-10-04,9.0,8.1,7.1
1999-10-05,7.5,6.8,5.8
1999-10-06,7.9,8.7,7.2
1999-10-07,10.2,11.3,10.5
1999-10-08,13.8,13.5,10.7
1999-10-09,14.7,14.0,12.7
1999-10-10,15.4,14.4,12.6
1999-10-11,11.9,10.2,9.3
1999-10-12,9.5,8.9,9.0
1999-10-13,10.6,8.1,10.6
1999-10-14,9.8,10.8,10.5
1999-10-15,11.9,11.1,10.1
1999-10-16,11.2,11.1,10.3
1999-10-17,9.5,9.7,9.8
1999-10-18,8.6,8.0,9.0
1999-10-19,8.6,8.2,8.8
1999-10-20,8.3,8.1,8.4
1999-10-21,10.2,8.3,8.6
1999-10-22,12.7,12.0,11.0
1999-10-23,12.5,11.7,11.3
1999-10-24,11.4,10.7,10.4
1999-10-25,10.5,11.0,11.0
1999-10-26,10.2,10.7,9.7
1999-10-27,10.1,10.5,10.7
1999-10-28,11.0,9.6,9.0
1999-10-29,10.7,8.4,9.6
1999-10-30,13.5,12.4,12.4
1999-10-31,12.1,11.2,10.1
1999-11-01,14.1,11.3,10.3
1999-11-02,10.2,8.5,7.5
1999-11-03,9.3,11.0,11.2
1999-11-04,9.4,9.7,11.4
1999-11-05,9.7,9.8,8.5
1999-11-06,7.9,6.7,5.5
1999-11-07,7.3,8.0,8.0
1999-11-08,9.4,10.2,9.2
1999-11-09,9.2,6.0,5.7
1999-11-10,8.4,5.6,3.0
1999-11-11,8.6,7.4,3.3
1999-11-12,7.4,8.8,5.5
1999-11-13,8.2,8.3,5.7
1999-11-14,8.5,7.6,6.8
1999-11-15,6.4,6.8,5.9
1999-11-16,5.4,4.7,3.6
1999-11-17,3.3,2.6,1.7
1999-11-18,3.1,1.6,2.1
1999-11-19,4.5,3.3,2.9
1999-11-20,4.1,2.0,2.0
1999-11-21,3.7,0.9,4.4
1999-11-22,4.6,5.9,6.7
1999-11-23,6.4,8.6,9.1
1999-11-24,9.4,10.4,8.6
1999-11-25,11.0,9.6,8.3
1999-11-26,9.9,9.3,8.5
1999-11-27,8.1,6.8,6.2
1999-11-28,11.0,10.8,9.8
1999-11-29,8.7,5.7,3.2
1999-11-30,6.3,8.9,9.0
1999-12-01,10.2,7.5,5.4
1999-12-02,6.6,5.9,3.7
1999-12-03,8.1,5.9,2.2
1999-12-04,3.9,2.7,1.1
1999-12-05,3.1,3.0,2.6
1999-12-06,10.1,10.0,9.0
1999-12-07,8.9,6.1,4.7
1999-12-08,7.7,6.4,5.6
1999-12-09,6.1,5.8,4.6
1999-12-10,5.3,4.6,1.5
1999-12-11,9.9,7.2,3.6
1999-12-12,6.8,5.3,2.1
1999-12-13,3.5,2.9,-1.7
1999-12-14,0.7,0.6,0.6
1999-12-15,1.5,0.9,1.3
1999-12-16,2.5,4.4,4.1
1999-12-17,7.2,6.2,4.1
1999-12-18,1.8,-0.5,-1.0
1999-12-19,-1.3,-2.6,-2.1
1999-12-20,-1.9,-2.0,-2.2
1999-12-21,2.9,3.0,3.5
1999-12-22,7.5,7.0,6.6
1999-12-23,7.3,6.2,5.6
1999-12-24,10.3,8.4,6.1
1999-12-25,5.6,4.2,3.1
1999-12-26,5.1,3.3,2.4
1999-12-27,2.9,2.8,1.9
1999-12-28,2.1,1.7,1.2
1999-12-29,0.9,1.3,1.1
1999-12-30,3.2,4.0,4.3
1999-12-31,5.3,5.3,5.5
2000-01-01,7.4,3.8,5.3
2000-01-02,8.2,6.0,6.7
2000-01-03,9.0,7.2,5.9
2000-01-04,3.8,3.2,3.9
2000-01-05,6.2,6.5,6.9
2000-01-06,8.3,6.3,5.2
2000-01-07,6.6,7.1,7.8
2000-01-08,7.0,5.0,4.4
2000-01-09,1.2,3.1,2.6
2000-01-10,1.4,3.5,5.9
2000-01-11,6.8,8.5,5.7
2000-01-12,6.6,7.0,4.4
2000-01-13,3.5,2.1,0.8
2000-01-14,2.5,2.7,1.9
2000-01-15,3.5,2.5,0.7
2000-01-16,2.2,0.3,4.0
2000-01-17,2.2,3.0,4.6
2000-01-18,4.9,2.9,5.4
2000-01-19,4.8,3.1,3.0
2000-01-20,1.7,3.3,3.9
2000-01-21,3.3,2.0,3.6
2000-01-22,4.2,4.2,4.2
2000-01-23,2.9,1.1,1.5
2000-01-24,1.6,1.4,2.6
2000-01-25,1.5,1.7,0.2
2000-01-26,0.7,1.9,3.2
2000-01-27,-1.1,3.2,5.4
2000-01-28,3.5,5.5,6.2
2000-01-29,10.1,8.4,6.3
2000-01-30,10.6,8.8,6.2
2000-01-31,10.4,9.2,6.7
2000-02-01,9.1,7.8,7.4
2000-02-02,7.4,5.9,5.1
2000-02-03,5.3,6.4,5.8
2000-02-04,7.8,9.2,10.3
2000-02-05,7.5,7.9,8.9
2000-02-06,9.5,9.3,7.6
2000-02-07,7.0,6.9,5.6
2000-02-08,8.6,6.3,4.8
2000-02-09,7.1,6.8,6.2
2000-02-10,6.4,5.9,5.1
2000-02-11,4.4,6.2,6.5
2000-02-12,6.6,4.8,2.5
2000-02-13,5.2,3.8,3.3
2000-02-14,4.7,3.8,3.7
2000-02-15,6.0,4.1,2.9
2000-02-16,3.7,1.8,0.3
2000-02-17,3.9,2.1,2.4
2000-02-18,8.1,6.3,3.8
2000-02-19,5.5,4.0,2.4
2000-02-20,2.3,1.9,2.5
2000-02-21,4.8,4.1,4.3
2000-02-22,4.2,3.0,2.7
2000-02-23,8.4,7.9,7.3
2000-02-24,9.0,6.2,3.4
2000-02-25,5.6,4.7,4.8
2000-02-26,4.5,5.1,6.1
2000-02-27,9.5,8.4,6.7
2000-02-28,7.3,4.6,3.7
2000-02-29,7.0,4.4,3.8
2000-03-01,4.6,4.2,2.7
2000-03-02,5.7,5.8,4.3
2000-03-03,8.2,5.0,2.6
2000-03-04,2.7,1.9,0.7
2000-03-05,3.5,4.1,4.3
2000-03-06,7.7,9.1,9.1
2000-03-07,10.4,10.0,9.8
2000-03-08,12.0,12.0,10.7
2000-03-09,12.1,9.7,8.8
2000-03-10,9.7,8.7,8.3
2000-03-11,9.2,7.0,7.8
2000-03-12,7.4,5.3,7.6
2000-03-13,8.8,9.8,8.9
2000-03-14,8.7,6.9,5.2
2000-03-15,6.7,5.8,6.9
2000-03-16,8.8,7.5,8.2
2000-03-17,8.8,7.1,8.9
2000-03-18,7.6,6.6,6.1
2000-03-19,6.4,6.3,7.8
2000-03-20,6.9,7.8,8.9
2000-03-21,7.1,7.4,7.8
2000-03-22,7.4,7.7,5.0
2000-03-23,9.2,6.7,4.9
2000-03-24,9.2,7.7,6.8
2000-03-25,6.6,5.2,5.2
2000-03-26,5.1,4.3,4.5
2000-03-27,5.5,5.3,4.3
2000-03-28,5.4,4.1,3.7
2000-03-29,5.5,4.1,4.4
2000-03-30,6.2,4.8,5.3
2000-03-31,6.1,4.9,6.2
2000-04-01,6.1,4.8,6.5
2000-04-02,9.2,6.2,2.9
2000-04-03,7.5,2.3,1.9
2000-04-04,3.0,3.2,1.9
2000-04-05,5.5,3.5,4.2
2000-04-06,5.1,4.7,5.5
2000-04-07,6.2,5.6,5.6
2000-04-08,8.1,6.2,7.6
2000-04-09,8.4,6.5,5.6
2000-04-10,6.9,5.8,5.9
2000-04-11,4.9,4.6,3.9
2000-04-12,4.5,4.7,4.1
2000-04-13,5.5,4.7,4.4
2000-04-14,5.5,5.0,4.5
2000-04-15,4.7,3.4,3.7
2000-04-16,6.1,5.0,4.1
2000-04-17,8.6,4.9,3.5
2000-04-18,9.6,7.2,6.9
2000-04-19,10.8,9.6,8.0
2000-04-20,12.0,12.1,10.5
2000-04-21,11.5,10.3,9.9
2000-04-22,11.8,9.8,9.5
2000-04-23,9.7,8.7,8.6
2000-04-24,9.9,9.4,8.2
2000-04-25,12.1,10.8,6.0
2000-04-26,11.4,9.5,5.6
2000-04-27,11.0,10.3,9.2
2000-04-28,11.0,11.5,9.2
2000-04-29,12.5,10.5,8.9
2000-04-30,11.2,11.3,11.7
2000-05-01,11.0,11.7,9.7
2000-05-02,9.8,11.4,10.1
2000-05-03,9.6,8.5,8.1
2000-05-04,9.3,8.2,7.8
2000-05-05,12.5,9.2,5.9
2000-05-06,16.0,12.7,8.3
2000-05-07,16.3,14.2,10.1
2000-05-08,15.1,14.3,10.0
2000-05-09,16.4,15.1,11.9
2000-05-10,15.6,13.5,9.7
2000-05-11,13.3,10.4,8.4
2000-05-12,13.9,12.2,9.7
2000-05-13,16.2,14.8,11.3
2000-05-14,17.3,17.7,13.9
2000-05-15,18.5,17.2,14.2
2000-05-16,16.1,13.7,11.6
2000-05-17,12.0,9.9,9.5
2000-05-18,10.8,9.4,9.5
2000-05-19,10.6,8.9,9.0
2000-05-20,10.8,9.7,9.4
2000-05-21,11.1,10.2,11.4
2000-05-22,12.5,9.9,9.9
2000-05-23,12.6,10.0,9.4
2000-05-24,12.5,10.0,9.1
2000-05-25,11.8,8.9,9.1
2000-05-26,11.0,9.3,8.7
2000-05-27,10.4,8.7,8.1
2000-05-28,10.0,8.5,8.6
2000-05-29,11.2,9.4,9.3
2000-05-30,11.3,10.3,9.5
2000-05-31,11.9,11.3,9.7
2000-06-01,13.3,13.9,12.9
2000-06-02,14.5,14.1,10.7
2000-06-03,16.3,11.3,8.6
2000-06-04,14.8,12.6,7.6
2000-06-05,13.0,11.9,8.2
2000-06-06,13.0,11.3,10.0
2000-06-07,13.7,12.2,11.0
2000-06-08,16.3,14.8,10.9
2000-06-09,16.4,12.2,10.8
2000-06-10,14.1,12.4,11.1
2000-06-11,14.4,12.7,11.0
2000-06-12,17.0,16.0,14.8
2000-06-13,16.9,14.7,12.1
2000-06-14,16.9,12.2,11.7
2000-06-15,17.1,12.3,11.5
2000-06-16,16.7,15.1,11.0
2000-06-17,18.3,19.5,16.2
2000-06-18,20.6,21.0,17.4
2000-06-19,22.3,21.2,16.6
2000-06-20,18.3,16.9,14.9
2000-06-21,16.0,15.0,14.2
2000-06-22,14.6,13.3,13.8
2000-06-23,14.5,11.7,12.1
2000-06-24,12.5,11.8,11.2
2000-06-25,13.4,12.5,11.4
2000-06-26,13.9,13.3,12.0
2000-06-27,15.4,14.5,12.6
2000-06-28,15.7,15.6,11.1
2000-06-29,15.7,13.3,10.8
2000-06-30,14.8,12.1,11.6
2000-07-01,16.3,13.7,13.7
2000-07-02,16.4,14.7,12.6
2000-07-03,17.5,15.4,12.4
2000-07-04,16.3,14.8,12.2
2000-07-05,15.3,14.5,11.1
2000-07-06,15.9,14.5,10.5
2000-07-07,14.5,12.9,11.4
2000-07-08,14.2,12.9,12.4
2000-07-09,14.8,12.9,11.7
2000-07-10,13.1,12.7,12.1
2000-07-11,12.1,11.4,11.2
2000-07-12,13.7,12.1,11.0
2000-07-13,15.3,13.4,12.6
2000-07-14,14.3,12.6,13.2
2000-07-15,13.7,13.0,12.6
2000-07-16,12.5,12.8,12.0
2000-07-17,15.0,13.3,12.7
2000-07-18,17.3,14.2,15.0
2000-07-19,17.9,15.3,15.3
2000-07-20,17.9,14.0,15.7
2000-07-21,17.4,16.5,15.5
2000-07-22,15.7,15.1,13.7
2000-07-23,15.8,14.4,13.8
2000-07-24,15.3,14.2,13.5
2000-07-25,14.9,14.6,13.5
2000-07-26,16.5,16.1,13.8
2000-07-27,16.9,16.4,16.0
2000-07-28,16.6,15.6,16.5
2000-07-29,17.7,15.4,14.8
2000-07-30,18.0,16.0,16.0
2000-07-31,18.5,16.4,15.5
2000-08-01,18.5,16.6,15.7
2000-08-02,16.8,15.3,14.2
2000-08-03,16.2,15.2,14.6
2000-08-04,16.6,14.4,14.2
2000-08-05,17.7,15.3,14.6
2000-08-06,19.2,16.9,16.4
2000-08-07,19.3,15.3,14.4
2000-08-08,18.2,16.9,16.5
2000-08-09,18.0,16.7,15.4
2000-08-10,19.0,16.0,16.5
2000-08-11,18.3,16.2,15.2
2000-08-12,18.8,17.0,15.4
2000-08-13,18.3,17.4,16.0
2000-08-14,19.4,17.4,16.0
2000-08-15,18.1,15.0,14.1
2000-08-16,17.3,15.0,13.2
2000-08-17,16.8,14.3,12.8
2000-08-18,16.4,13.8,13.1
2000-08-19,16.9,13.0,12.2
2000-08-20,15.3,13.0,11.6
2000-08-21,14.7,12.6,11.7
2000-08-22,15.6,14.0,12.5
2000-08-23,16.5,15.3,13.5
2000-08-24,18.1,14.8,16.0
2000-08-25,18.4,16.6,17.0
2000-08-26,18.5,16.8,15.9
2000-08-27,16.1,14.6,14.5
2000-08-28,15.4,13.0,13.0
2000-08-29,15.5,14.0,13.4
2000-08-30,15.4,14.1,13.6
2000-08-31,15.2,14.5,13.3
2000-09-01,14.6,13.2,13.0
2000-09-02,14.7,13.2,12.9
2000-09-03,13.6,11.1,10.4
2000-09-04,14.0,11.9,12.5
2000-09-05,15.3,13.7,14.9
2000-09-06,15.2,13.2,12.8
2000-09-07,14.6,14.3,13.0
2000-09-08,18.0,13.5,12.9
2000-09-09,18.1,13.4,12.9
2000-09-10,18.6,17.0,12.8
2000-09-11,20.0,18.6,12.5
2000-09-12,18.3,15.5,12.2
2000-09-13,16.5,14.9,13.2
2000-09-14,16.2,14.0,13.4
2000-09-15,15.8,12.5,12.7
2000-09-16,14.6,13.2,12.4
2000-09-17,15.1,14.4,12.9
2000-09-18,14.2,12.1,11.3
2000-09-19,13.7,10.6,10.4
2000-09-20,13.0,12.1,12.6
2000-09-21,13.1,11.9,11.2
2000-09-22,16.9,14.7,13.3
2000-09-23,17.6,17.1,14.7
2000-09-24,14.9,14.5,14.5
2000-09-25,13.5,13.2,13.4
2000-09-26,16.7,14.0,12.2
2000-09-27,14.4,13.0,12.6
2000-09-28,14.6,12.2,10.6
2000-09-29,14.3,13.1,11.7
2000-09-30,13.5,13.3,12.3
2000-10-01,12.0,12.5,11.5
2000-10-02,12.2,11.1,11.3
2000-10-03,13.2,13.5,13.5
2000-10-04,13.2,12.3,11.2
2000-10-05,11.2,9.3,8.2
2000-10-06,9.8,8.8,8.7
2000-10-07,10.1,10.5,9.7
2000-10-08,11.5,9.2,8.4
2000-10-09,8.8,7.1,7.5
2000-10-10,8.6,6.9,8.0
2000-10-11,9.5,6.0,8.1
2000-10-12,10.2,7.3,9.5
2000-10-13,9.0,8.8,9.4
2000-10-14,9.2,10.7,10.6
2000-10-15,9.5,12.0,10.4
2000-10-16,10.7,9.6,9.2
2000-10-17,9.6,9.5,8.8
2000-10-18,13.0,11.6,10.6
2000-10-19,9.9,8.4,8.4
2000-10-20,11.0,9.6,8.4
2000-10-21,10.8,8.2,8.0
2000-10-22,11.3,7.2,7.5
2000-10-23,12.7,10.9,9.9
2000-10-24,10.9,10.1,9.5
2000-10-25,12.3,10.5,9.9
2000-10-26,9.7,8.8,8.3
2000-10-27,12.2,11.0,9.3
2000-10-28,12.9,9.2,7.9
2000-10-29,10.0,7.4,6.8
2000-10-30,10.3,6.2,4.9
2000-10-31,9.5,7.3,5.9
2000-11-01,8.1,5.9,4.5
2000-11-02,7.5,4.8,4.4
2000-11-03,6.9,6.1,4.7
2000-11-04,5.4,6.4,5.1
2000-11-05,6.3,5.4,4.5
2000-11-06,8.6,7.6,6.4
2000-11-07,7.3,8.0,6.2
2000-11-08,7.3,6.2,6.1
2000-11-09,7.4,6.4,6.2
2000-11-10,6.3,6.3,4.5
2000-11-11,10.2,8.5,6.3
2000-11-12,7.9,6.4,4.9
2000-11-13,4.7,5.6,4.4
2000-11-14,3.4,4.5,3.9
2000-11-15,3.1,4.6,3.6
2000-11-16,7.1,5.7,5.4
2000-11-17,3.6,4.8,3.3
2000-11-18,6.7,6.9,5.8
2000-11-19,7.7,6.3,4.4
2000-11-20,3.2,4.2,3.0
2000-11-21,3.9,2.9,3.5
2000-11-22,7.5,5.3,5.3
2000-11-23,6.2,5.5,4.7
2000-11-24,5.9,5.1,4.3
2000-11-25,9.0,7.0,6.0
2000-11-26,7.5,6.3,5.5
2000-11-27,7.5,6.6,5.6
2000-11-28,12.5,11.9,9.1
2000-11-29,11.2,11.1,10.5
2000-11-30,8.7,7.7,7.5
2000-12-01,11.3,10.2,9.8
2000-12-02,9.3,7.8,8.5
2000-12-03,7.0,6.6,7.3
2000-12-04,10.4,10.1,9.5
2000-12-05,11.6,11.0,10.4
2000-12-06,10.4,9.1,8.8
2000-12-07,9.5,8.1,8.0
2000-12-08,10.3,8.7,7.9
2000-12-09,8.5,7.8,7.2
2000-12-10,9.8,7.7,6.8
2000-12-11,12.4,11.1,6.3
2000-12-12,12.2,11.4,9.0
2000-12-13,9.6,6.8,6.3
2000-12-14,5.8,4.9,5.2
2000-12-15,2.7,0.5,0.4
2000-12-16,0.4,0.8,-0.8
2000-12-17,2.9,1.1,0.1
2000-12-18,5.1,2.1,1.1
2000-12-19,8.1,5.3,3.8
2000-12-20,7.7,7.6,7.9
2000-12-21,5.7,5.6,6.2
2000-12-22,3.5,5.2,5.5
2000-12-23,4.2,3.3,5.1
2000-12-24,4.7,2.7,2.6
2000-12-25,3.4,1.1,1.2
2000-12-26,1.8,-1.1,-1.9
2000-12-27,0.7,-2.8,-3.7
2000-12-28,-1.4,-2.8,-0.1
2000-12-29,-2.8,-5.7,-1.3
2000-12-30,-1.8,-4.5,-3.1
2000-12-31,0.2,-0.9,1.0
2001-01-01,8.5,6.5,5.7
2001-01-02,8.5,6.8,6.1
2001-01-03,5.9,4.1,3.9
2001-01-04,7.9,6.3,5.2
2001-01-05,6.4,2.2,3.9
2001-01-06,4.3,4.2,4.6
2001-01-07,2.9,4.5,3.8
2001-01-08,3.2,4.3,2.9
2001-01-09,1.1,1.5,-0.0
2001-01-10,4.2,2.8,0.8
2001-01-11,3.8,2.9,1.7
2001-01-12,4.3,3.1,2.9
2001-01-13,2.9,1.7,1.2
2001-01-14,3.1,0.8,-0.7
2001-01-15,1.1,1.1,0.2
2001-01-16,-0.9,-1.1,-1.0
2001-01-17,-0.0,-1.6,0.6
2001-01-18,-0.7,-0.9,0.3
2001-01-19,-0.3,-0.2,1.1
2001-01-20,0.1,0.7,0.6
2001-01-21,1.6,0.7,1.0
2001-01-22,5.8,4.4,3.9
2001-01-23,7.9,6.6,6.0
2001-01-24,7.5,5.8,5.4
2001-01-25,5.4,3.5,3.8
2001-01-26,4.7,3.5,4.0
2001-01-27,2.6,2.7,3.5
2001-01-28,0.5,0.5,0.0
2001-01-29,0.7,0.9,0.7
2001-01-30,2.7,2.6,2.6
2001-01-31,3.0,2.4,3.1
2001-02-01,0.0,0.5,2.1
2001-02-02,5.1,4.7,5.1
2001-02-03,6.2,5.4,3.5
2001-02-04,7.0,2.2,0.4
2001-02-05,8.4,4.1,0.8
2001-02-06,9.7,7.9,3.7
2001-02-07,8.1,7.2,2.2
2001-02-08,4.7,1.0,-1.8
2001-02-09,2.1,0.5,-1.5
2001-02-10,5.1,5.2,3.5
2001-02-11,11.3,9.9,8.2
2001-02-12,9.1,5.6,6.0
2001-02-13,4.4,1.9,4.4
2001-02-14,3.1,1.1,4.1
2001-02-15,3.7,3.0,5.3
2001-02-16,3.7,2.7,3.1
2001-02-17,3.4,0.6,4.2
2001-02-18,2.0,-0.5,2.5
2001-02-19,2.7,2.5,5.3
2001-02-20,3.6,4.0,5.0
2001-02-21,7.8,6.5,6.1
2001-02-22,7.5,5.8,4.5
2001-02-23,4.3,2.8,1.6
2001-02-24,1.9,0.9,-0.3
2001-02-25,0.7,0.1,0.4
2001-02-26,1.9,1.8,0.6
2001-02-27,3.0,1.5,0.1
2001-02-28,1.7,1.3,-2.0
2001-03-01,1.3,-0.9,-4.5
2001-03-02,-0.7,-1.5,-3.4
2001-03-03,0.9,-1.2,-3.2
2001-03-04,2.1,-1.4,-0.9
2001-03-05,2.2,0.6,3.2
2001-03-06,5.9,3.9,0.4
2001-03-07,11.1,10.0,7.1
2001-03-08,8.1,8.5,7.6
2001-03-09,9.1,8.2,7.2
2001-03-10,10.3,9.5,8.6
2001-03-11,10.1,8.4,6.7
2001-03-12,6.4,4.3,3.8
2001-03-13,6.3,3.4,4.0
2001-03-14,6.1,4.3,4.0
2001-03-15,7.3,3.8,1.9
2001-03-16,7.1,3.7,1.6
2001-03-17,4.0,3.0,1.8
2001-03-18,3.4,2.0,1.3
2001-03-19,2.6,1.5,1.4
2001-03-20,2.0,1.9,2.3
2001-03-21,3.6,1.8,2.5
2001-03-22,8.0,4.1,2.7
2001-03-23,8.6,7.1,3.8
2001-03-24,7.7,6.0,3.4
2001-03-25,5.3,4.3,2.8
2001-03-26,4.5,3.2,2.5
2001-03-27,6.2,4.3,3.1
2001-03-28,7.1,5.5,4.4
2001-03-29,6.3,4.7,4.5
2001-03-30,7.6,7.0,5.6
2001-03-31,10.1,8.8,8.3
2001-04-01,11.2,9.9,8.5
2001-04-02,12.5,11.2,10.0
2001-04-03,9.3,7.3,6.1
2001-04-04,8.1,6.0,5.1
2001-04-05,7.2,5.8,4.9
2001-04-06,10.2,9.2,4.7
2001-04-07,7.4,5.6,5.7
2001-04-08,7.5,4.9,5.3
2001-04-09,11.4,7.7,6.9
2001-04-10,9.2,8.6,7.5
2001-04-11,8.4,7.1,6.5
2001-04-12,7.6,6.0,3.3
2001-04-13,5.5,5.6,4.6
2001-04-14,6.3,7.9,8.6
2001-04-15,9.1,8.0,7.3
2001-04-16,6.6,5.4,5.4
2001-04-17,5.4,5.1,5.2
2001-04-18,5.2,3.5,3.4
2001-04-19,4.0,3.9,4.6
2001-04-20,5.0,4.3,4.6
2001-04-21,5.9,4.8,6.2
2001-04-22,6.7,5.3,6.0
2001-04-23,8.1,6.5,6.0
2001-04-24,7.4,6.7,5.9
2001-04-25,8.9,8.5,6.1
2001-04-26,9.1,7.1,7.5
2001-04-27,9.7,7.8,7.4
2001-04-28,9.6,7.2,6.6
2001-04-29,8.5,4.7,5.1
2001-04-30,8.0,6.7,7.2
2001-05-01,8.3,8.0,8.0
2001-05-02,8.8,9.4,10.2
2001-05-03,10.3,8.0,7.5
2001-05-04,8.1,6.8,7.2
2001-05-05,7.1,8.1,7.7
2001-05-06,7.9,6.8,7.9
2001-05-07,8.7,7.7,8.1
2001-05-08,9.0,8.2,8.4
2001-05-09,10.4,9.6,7.6
2001-05-10,15.5,13.4,9.7
2001-05-11,16.7,15.6,10.4
2001-05-12,14.8,15.3,12.8
2001-05-13,16.0,14.5,10.8
2001-05-14,12.5,11.7,8.3
2001-05-15,13.6,9.5,7.9
2001-05-16,12.5,10.9,9.0
2001-05-17,9.0,9.7,9.6
2001-05-18,10.9,10.2,9.2
2001-05-19,12.0,9.9,9.4
2001-05-20,13.8,12.2,11.0
2001-05-21,11.9,13.8,12.5
2001-05-22,12.2,15.0,14.2
2001-05-23,13.9,14.9,15.2
2001-05-24,14.0,15.3,12.3
2001-05-25,12.7,13.6,14.2
2001-05-26,16.5,15.4,14.8
2001-05-27,15.8,14.6,15.4
2001-05-28,18.1,15.4,14.6
2001-05-29,16.8,14.0,13.0
2001-05-30,16.4,13.1,12.2
2001-05-31,14.0,11.1,11.5
2001-06-01,13.4,12.1,11.2
2001-06-02,12.5,10.8,9.9
2001-06-03,11.3,9.0,9.7
2001-06-04,13.1,10.9,11.2
2001-06-05,14.4,12.4,11.0
2001-06-06,14.2,11.4,10.6
2001-06-07,12.5,9.0,9.2
2001-06-08,10.8,8.9,8.5
2001-06-09,11.2,9.9,8.7
2001-06-10,11.0,10.1,9.9
2001-06-11,12.3,10.1,11.5
2001-06-12,14.3,12.4,10.7
2001-06-13,15.4,13.3,12.1
2001-06-14,14.9,13.5,9.4
2001-06-15,15.3,14.2,9.3
2001-06-16,14.6,12.6,9.6
2001-06-17,13.4,11.5,10.4
2001-06-18,13.0,12.5,11.4
2001-06-19,14.9,15.3,14.6
2001-06-20,16.9,13.8,12.6
2001-06-21,15.4,11.2,12.7
2001-06-22,14.9,13.3,12.6
2001-06-23,15.6,15.0,13.3
2001-06-24,18.5,17.1,15.9
2001-06-25,20.1,18.6,16.6
2001-06-26,21.9,20.6,13.9
2001-06-27,19.2,17.4,15.1
2001-06-28,17.8,16.3,13.6
2001-06-29,18.3,17.3,16.1
2001-06-30,18.5,16.1,14.7
2001-07-01,19.1,16.5,15.5
2001-07-02,21.5,19.8,19.2
2001-07-03,21.2,20.9,18.1
2001-07-04,22.3,20.8,16.7
2001-07-05,22.0,20.4,15.2
2001-07-06,19.9,19.1,15.4
2001-07-07,17.8,18.9,15.7
2001-07-08,17.2,14.6,16.8
2001-07-09,16.5,14.9,14.3
2001-07-10,16.1,14.6,12.9
2001-07-11,15.4,13.3,11.7
2001-07-12,15.1,13.2,12.2
2001-07-13,14.9,12.2,11.1
2001-07-14,14.2,11.4,10.5
2001-07-15,13.9,11.8,11.5
2001-07-16,14.8,13.1,12.0
2001-07-17,14.8,14.1,12.3
2001-07-18,15.5,13.2,12.5
2001-07-19,14.6,13.3,13.0
2001-07-20,15.0,13.7,12.1
2001-07-21,16.8,15.6,14.4
2001-07-22,16.9,15.8,14.7
2001-07-23,18.1,15.9,14.7
2001-07-24,17.3,15.0,14.6
2001-07-25,18.2,17.1,13.7
2001-07-26,19.0,18.8,15.5
2001-07-27,21.0,17.4,16.5
2001-07-28,21.9,18.8,16.6
2001-07-29,23.0,19.3,16.2
2001-07-30,21.9,17.1,13.7
2001-07-31,20.2,16.9,13.6
2001-08-01,18.5,16.8,14.5
2001-08-02,16.9,17.7,15.3
2001-08-03,18.1,15.4,14.2
2001-08-04,15.6,13.6,13.3
2001-08-05,16.6,13.7,12.7
2001-08-06,17.4,13.5,13.2
2001-08-07,16.5,14.7,12.5
2001-08-08,16.3,13.5,12.3
2001-08-09,14.4,13.0,12.2
2001-08-10,14.6,12.6,12.3
2001-08-11,15.1,14.9,14.6
2001-08-12,17.0,16.7,15.4
2001-08-13,18.8,19.0,17.2
2001-08-14,19.2,19.6,17.8
2001-08-15,21.6,19.4,17.4
2001-08-16,18.0,15.4,14.4
2001-08-17,16.4,15.2,14.4
2001-08-18,17.8,16.3,14.9
2001-08-19,17.5,16.5,14.7
2001-08-20,17.4,15.3,14.1
2001-08-21,16.8,16.0,15.0
2001-08-22,18.6,16.9,14.9
2001-08-23,20.0,18.2,14.6
2001-08-24,20.8,16.6,14.3
2001-08-25,20.2,18.1,14.4
2001-08-26,19.7,15.1,13.7
2001-08-27,16.7,13.0,12.8
2001-08-28,15.6,13.6,13.0
2001-08-29,15.6,15.0,14.3
2001-08-30,15.9,13.9,13.9
2001-08-31,14.5,14.0,14.0
2001-09-01,15.2,14.2,13.1
2001-09-02,17.1,14.9,14.0
2001-09-03,15.9,13.5,13.2
2001-09-04,13.9,12.4,11.2
2001-09-05,14.5,13.2,13.4
2001-09-06,15.8,12.8,12.3
2001-09-07,15.7,14.1,13.1
2001-09-08,14.8,12.4,10.9
2001-09-09,12.1,11.1,10.4
2001-09-10,12.5,11.1,11.0
2001-09-11,14.3,13.2,13.4
2001-09-12,14.2,12.6,12.2
2001-09-13,12.7,11.0,11.1
2001-09-14,13.4,11.1,10.7
2001-09-15,13.5,11.0,10.4
2001-09-16,12.1,11.1,10.6
2001-09-17,11.1,10.0,9.7
2001-09-18,12.8,12.0,10.2
2001-09-19,12.7,12.3,11.1
2001-09-20,13.4,12.5,11.7
2001-09-21,12.1,10.9,11.2
2001-09-22,11.1,11.4,10.7
2001-09-23,11.9,11.1,10.3
2001-09-24,12.3,11.9,11.4
2001-09-25,10.8,11.8,10.6
2001-09-26,11.5,11.2,10.2
2001-09-27,15.3,13.6,11.0
2001-09-28,16.3,16.4,13.0
2001-09-29,15.7,15.4,13.5
2001-09-30,14.6,14.3,14.0
2001-10-01,16.4,13.9,13.1
2001-10-02,15.0,14.0,12.9
2001-10-03,14.2,12.7,11.5
2001-10-04,13.7,13.0,11.9
2001-10-05,15.4,14.8,13.9
2001-10-06,14.8,13.7,13.2
2001-10-07,13.3,12.5,12.4
2001-10-08,12.6,12.1,11.4
2001-10-09,12.7,12.0,11.7
2001-10-10,12.6,12.1,12.0
2001-10-11,15.0,14.6,13.9
2001-10-12,14.7,14.3,15.1
2001-10-13,16.1,13.6,13.0
2001-10-14,15.3,15.7,12.1
2001-10-15,14.4,13.5,12.8
2001-10-16,11.6,11.6,11.2
2001-10-17,14.2,13.7,12.4
2001-10-18,14.2,13.7,12.5
2001-10-19,13.1,11.9,10.1
2001-10-20,14.7,13.0,12.4
2001-10-21,11.4,9.8,11.1
2001-10-22,12.0,12.1,11.0
2001-10-23,14.1,12.9,11.3
2001-10-24,13.1,11.8,11.5
2001-10-25,13.2,12.5,11.8
2001-10-26,13.8,10.9,10.8
2001-10-27,11.8,10.3,9.5
2001-10-28,11.0,8.8,8.6
2001-10-29,11.1,10.6,11.3
2001-10-30,14.7,13.8,12.4
2001-10-31,10.8,9.2,7.5
2001-11-01,7.4,8.7,9.4
2001-11-02,7.8,8.9,10.9
2001-11-03,8.7,9.3,9.6
2001-11-04,9.0,8.5,8.2
2001-11-05,6.9,7.1,6.9
2001-11-06,10.8,9.6,8.2
2001-11-07,10.6,8.6,5.8
2001-11-08,5.6,3.7,2.0
2001-11-09,3.4,1.7,1.9
2001-11-10,3.2,5.1,9.2
2001-11-11,9.0,10.2,11.0
2001-11-12,9.3,8.6,6.4
2001-11-13,5.4,2.6,2.4
2001-11-14,3.3,4.0,5.0
2001-11-15,2.8,5.1,9.3
2001-11-16,7.8,6.6,7.5
2001-11-17,8.4,6.8,5.8
2001-11-18,7.3,6.1,6.8
2001-11-19,6.4,5.3,7.0
2001-11-20,6.7,6.7,8.3
2001-11-21,9.3,10.6,8.9
2001-11-22,9.1,7.0,3.9
2001-11-23,3.0,3.1,4.7
2001-11-24,9.1,10.2,11.3
2001-11-25,9.9,9.0,8.3
2001-11-26,3.5,4.1,4.3
2001-11-27,4.9,4.6,4.6
2001-11-28,5.6,6.7,5.8
2001-11-29,11.3,10.8,9.2
2001-11-30,13.1,12.6,10.8
2001-12-01,10.4,7.8,6.7
2001-12-02,4.4,2.2,4.1
2001-12-03,4.8,4.2,5.5
2001-12-04,8.3,7.2,6.5
2001-12-05,8.6,6.6,3.3
2001-12-06,4.9,3.4,1.6
2001-12-07,6.4,7.1,9.2
2001-12-08,2.8,4.5,9.5
2001-12-09,3.8,0.6,4.4
2001-12-10,3.0,1.8,2.0
2001-12-11,3.4,2.7,2.1
2001-12-12,5.3,5.1,1.6
2001-12-13,5.9,5.1,3.0
2001-12-14,1.5,1.7,3.5
2001-12-15,2.0,1.9,4.5
2001-12-16,3.3,3.0,4.6
2001-12-17,3.5,1.7,3.8
2001-12-18,3.3,4.6,1.1
2001-12-19,3.6,3.2,2.0
2001-12-20,0.9,0.7,1.6
2001-12-21,3.3,4.8,3.8
2001-12-22,-0.6,-1.0,-0.2
2001-12-23,-1.2,0.5,3.1
2001-12-24,5.7,7.3,6.7
2001-12-25,4.5,2.6,0.6
2001-12-26,-0.3,-0.5,-0.4
2001-12-27,5.0,5.9,3.1
2001-12-28,5.5,4.3,2.4
2001-12-29,0.6,0.2,-1.6
2001-12-30,0.1,-1.9,-0.9
2001-12-31,-1.4,-1.7,-1.2
2002-01-01,-1.8,-3.2,1.3
2002-01-02,-1.6,-3.7,-1.5
2002-01-03,-0.4,-0.1,-0.2
2002-01-04,0.1,-1.6,-0.2
2002-01-05,4.9,4.1,4.7
2002-01-06,5.2,2.8,4.9
2002-01-07,4.3,3.9,7.3
2002-01-08,2.3,3.3,7.1
2002-01-09,2.7,1.6,5.0
2002-01-10,5.0,2.3,2.4
2002-01-11,2.4,3.1,4.7
2002-01-12,4.8,4.9,7.8
2002-01-13,8.2,8.5,9.1
2002-01-14,8.6,7.7,8.1
2002-01-15,6.8,4.7,4.8
2002-01-16,3.6,6.1,7.3
2002-01-17,7.4,7.1,6.3
2002-01-18,3.7,4.5,4.6
2002-01-19,7.0,5.9,5.4
2002-01-20,9.4,8.5,7.8
2002-01-21,10.1,10.5,9.4
2002-01-22,8.1,6.9,6.8
2002-01-23,9.0,8.6,6.5
2002-01-24,8.5,6.0,3.1
2002-01-25,6.3,4.6,1.4
2002-01-26,10.0,9.0,6.8
2002-01-27,9.7,8.2,5.8
2002-01-28,11.1,9.8,7.4
2002-01-29,10.2,9.0,5.2
2002-01-30,10.6,8.8,6.8
2002-01-31,8.5,6.7,5.4
2002-02-01,10.7,9.7,7.7
2002-02-02,12.2,11.0,8.8
2002-02-03,9.7,8.5,5.8
2002-02-04,7.9,6.4,4.4
2002-02-05,9.6,7.5,5.7
2002-02-06,6.0,5.6,4.7
2002-02-07,5.5,6.0,5.8
2002-02-08,10.4,9.4,8.3
2002-02-09,9.9,8.4,5.9
2002-02-10,8.8,7.6,5.8
2002-02-11,11.7,10.9,8.2
2002-02-12,10.6,9.0,6.8
2002-02-13,7.4,5.1,3.1
2002-02-14,4.3,2.4,1.8
2002-02-15,2.5,3.7,5.9
2002-02-16,2.9,4.2,6.9
2002-02-17,2.4,4.6,6.2
2002-02-18,5.5,4.8,4.2
2002-02-19,8.2,7.4,4.9
2002-02-20,8.2,5.7,4.0
2002-02-21,4.1,3.6,4.2
2002-02-22,9.1,6.4,4.2
2002-02-23,4.9,2.6,1.1
2002-02-24,4.7,2.6,1.2
2002-02-25,9.7,7.4,3.9
2002-02-26,9.5,7.0,4.2
2002-02-27,5.1,4.2,3.3
2002-02-28,5.2,3.5,3.1
2002-03-01,3.0,2.4,2.6
2002-03-02,3.1,2.9,4.4
2002-03-03,4.9,6.1,7.7
2002-03-04,6.7,6.5,7.1
2002-03-05,6.7,6.5,5.5
2002-03-06,8.5,9.1,8.5
2002-03-07,10.3,8.8,6.8
2002-03-08,8.0,8.5,7.7
2002-03-09,7.4,4.0,3.6
2002-03-10,7.2,5.8,4.0
2002-03-11,9.5,6.3,5.6
2002-03-12,8.0,4.8,4.2
2002-03-13,5.6,4.4,2.3
2002-03-14,4.5,4.0,3.5
2002-03-15,6.6,3.8,4.0
2002-03-16,9.4,8.3,6.6
2002-03-17,9.7,9.2,6.6
2002-03-18,8.9,7.0,7.1
2002-03-19,9.4,7.9,3.7
2002-03-20,11.3,9.8,4.7
2002-03-21,11.5,10.4,4.5
2002-03-22,10.4,9.9,5.5
2002-03-23,7.4,7.6,6.7
2002-03-24,6.2,7.9,8.6
2002-03-25,7.7,7.5,7.9
2002-03-26,7.8,5.6,5.4
2002-03-27,5.9,6.3,6.8
2002-03-28,6.1,6.3,8.2
2002-03-29,8.0,7.2,6.2
2002-03-30,9.1,8.5,6.6
2002-03-31,8.9,9.1,9.6
2002-04-01,10.4,9.2,8.3
2002-04-02,11.4,8.5,6.5
2002-04-03,13.2,12.6,10.8
2002-04-04,10.7,10.8,8.7
2002-04-05,9.6,8.0,6.5
2002-04-06,7.3,5.9,5.5
2002-04-07,6.6,5.6,5.3
2002-04-08,7.7,5.4,7.1
2002-04-09,6.0,6.8,7.7
2002-04-10,7.5,6.4,7.3
2002-04-11,7.5,6.4,5.7
2002-04-12,7.0,7.0,6.4
2002-04-13,6.7,4.8,5.7
2002-04-14,7.1,5.6,5.6
2002-04-15,7.7,6.8,6.1
2002-04-16,8.7,7.7,6.9
2002-04-17,8.9,9.1,8.0
2002-04-18,8.9,7.4,7.1
2002-04-19,8.7,8.6,8.0
2002-04-20,10.2,9.6,9.0
2002-04-21,11.8,12.3,11.4
2002-04-22,13.3,12.5,11.9
2002-04-23,14.0,12.8,12.0
2002-04-24,13.3,12.2,11.1
2002-04-25,12.6,10.3,9.7
2002-04-26,10.3,8.2,7.8
2002-04-27,9.4,7.4,6.0
2002-04-28,10.3,7.9,6.0
2002-04-29,9.6,7.1,6.1
2002-04-30,9.8,8.8,5.4
2002-05-01,9.9,8.2,7.4
2002-05-02,8.8,8.2,7.7
2002-05-03,9.0,8.2,7.0
2002-05-04,8.6,7.9,7.5
2002-05-05,7.9,8.5,8.5
2002-05-06,10.7,9.8,8.4
2002-05-07,11.4,10.5,9.5
2002-05-08,11.5,10.7,8.9
2002-05-09,11.2,10.0,8.4
2002-05-10,13.2,10.4,11.0
2002-05-11,12.8,10.1,10.2
2002-05-12,11.8,11.6,8.7
2002-05-13,12.3,11.7,11.3
2002-05-14,13.0,12.2,11.1
2002-05-15,12.6,13.0,11.8
2002-05-16,15.3,16.3,13.8
2002-05-17,16.2,15.3,9.5
2002-05-18,14.4,10.8,8.1
2002-05-19,14.2,13.8,11.4
2002-05-20,15.0,14.2,13.4
2002-05-21,15.1,13.8,13.1
2002-05-22,14.4,13.9,13.8
2002-05-23,13.5,13.4,12.3
2002-05-24,12.9,11.8,10.8
2002-05-25,11.9,11.1,10.6
2002-05-26,11.0,9.1,10.2
2002-05-27,11.2,11.2,10.6
2002-05-28,11.0,10.5,11.1
2002-05-29,12.2,11.3,10.8
2002-05-30,12.7,12.0,10.6
2002-05-31,13.8,12.0,11.2
2002-06-01,14.3,14.9,14.0
2002-06-02,17.8,16.2,14.0
2002-06-03,14.8,12.2,12.5
2002-06-04,11.6,12.3,11.4
2002-06-05,12.2,12.1,11.2
2002-06-06,15.7,16.2,14.3
2002-06-07,13.5,15.3,13.2
2002-06-08,13.8,14.2,13.3
2002-06-09,12.5,12.7,12.3
2002-06-10,13.1,12.0,11.4
2002-06-11,12.7,11.6,11.3
2002-06-12,14.1,12.0,10.6
2002-06-13,14.6,12.5,12.0
2002-06-14,17.1,14.8,11.9
2002-06-15,15.7,15.1,14.3
2002-06-16,16.0,17.1,14.5
2002-06-17,19.3,18.1,16.0
2002-06-18,17.5,15.7,14.1
2002-06-19,16.0,14.0,13.1
2002-06-20,16.1,14.2,13.3
2002-06-21,15.7,14.3,12.6
2002-06-22,16.1,15.0,13.4
2002-06-23,15.4,13.6,12.5
2002-06-24,15.3,13.5,11.5
2002-06-25,15.6,13.2,12.4
2002-06-26,17.5,12.5,12.1
2002-06-27,14.6,12.0,12.0
2002-06-28,13.6,11.8,11.7
2002-06-29,13.8,12.3,12.2
2002-06-30,15.4,13.1,11.3
2002-07-01,14.3,11.6,10.9
2002-07-02,13.7,12.1,12.0
2002-07-03,14.0,13.1,12.5
2002-07-04,14.8,13.2,12.5
2002-07-05,14.4,12.6,12.4
2002-07-06,14.9,13.1,12.9
2002-07-07,15.0,15.8,12.4
2002-07-08,16.0,15.2,13.4
2002-07-09,15.8,13.2,13.4
2002-07-10,14.4,13.3,13.6
2002-07-11,14.5,13.1,12.8
2002-07-12,14.0,13.2,12.5
2002-07-13,16.0,14.4,13.0
2002-07-14,16.9,15.4,15.0
2002-07-15,18.6,15.8,15.9
2002-07-16,18.5,14.9,14.3
2002-07-17,17.4,13.9,12.9
2002-07-18,16.9,16.1,14.2
2002-07-19,16.6,15.5,12.6
2002-07-20,16.3,13.3,11.8
2002-07-21,15.0,13.5,13.0
2002-07-22,15.9,13.8,13.9
2002-07-23,17.1,15.1,12.8
2002-07-24,17.0,13.6,13.1
2002-07-25,17.1,15.2,13.9
2002-07-26,19.9,16.3,14.5
2002-07-27,19.0,17.4,16.1
2002-07-28,21.6,19.5,16.1
2002-07-29,22.8,20.5,14.5
2002-07-30,20.5,18.0,16.3
2002-07-31,17.9,17.6,16.6
2002-08-01,16.0,16.4,17.2
2002-08-02,16.7,14.3,16.6
2002-08-03,16.2,16.2,16.1
2002-08-04,16.5,16.3,16.2
2002-08-05,16.2,16.9,16.2
2002-08-06,18.3,16.9,16.2
2002-08-07,18.0,16.7,16.6
2002-08-08,16.8,14.6,13.8
2002-08-09,16.1,13.9,13.2
2002-08-10,16.6,15.3,13.9
2002-08-11,16.2,14.8,13.7
2002-08-12,16.7,15.1,14.8
2002-08-13,17.4,17.3,16.8
2002-08-14,18.5,18.5,15.8
2002-08-15,20.8,16.8,16.6
2002-08-16,20.1,16.1,14.2
2002-08-17,21.5,20.2,17.5
2002-08-18,19.9,17.4,15.2
2002-08-19,19.2,15.1,14.5
2002-08-20,17.2,15.5,14.0
2002-08-21,17.2,14.7,13.9
2002-08-22,16.7,14.8,13.9
2002-08-23,16.7,14.6,14.6
2002-08-24,17.1,15.2,15.3
2002-08-25,16.4,14.9,14.3
2002-08-26,15.3,14.4,14.0
2002-08-27,17.1,15.1,15.1
2002-08-28,16.9,16.8,16.2
2002-08-29,18.0,16.1,15.8
2002-08-30,19.1,16.4,13.9
2002-08-31,17.0,13.5,12.4
2002-09-01,14.9,12.1,12.0
2002-09-02,15.6,13.8,14.4
2002-09-03,17.1,15.9,13.6
2002-09-04,16.6,15.2,14.1
2002-09-05,17.0,15.3,12.3
2002-09-06,17.1,13.3,11.9
2002-09-07,16.0,13.1,11.8
2002-09-08,14.4,13.0,12.2
2002-09-09,13.9,13.0,13.4
2002-09-10,14.2,14.1,14.5
2002-09-11,15.6,14.4,13.6
2002-09-12,17.7,17.2,13.6
2002-09-13,17.3,15.8,13.4
2002-09-14,15.9,13.9,12.4
2002-09-15,14.9,12.9,12.8
2002-09-16,14.1,13.0,13.3
2002-09-17,14.7,13.4,13.2
2002-09-18,15.0,13.2,12.0
2002-09-19,15.4,12.6,12.5
2002-09-20,15.0,13.9,11.4
2002-09-21,14.2,13.5,12.4
2002-09-22,13.6,12.3,10.5
2002-09-23,13.4,11.4,9.8
2002-09-24,12.5,11.0,9.7
2002-09-25,12.9,11.0,10.4
2002-09-26,13.3,13.0,11.5
2002-09-27,13.4,13.3,12.4
2002-09-28,13.8,13.6,12.0
2002-09-29,13.6,14.2,13.5
2002-09-30,13.3,13.8,14.3
2002-10-01,15.0,14.6,13.6
2002-10-02,15.8,15.6,13.9
2002-10-03,15.3,13.3,11.7
2002-10-04,12.1,11.6,11.7
2002-10-05,13.4,14.2,14.2
2002-10-06,13.5,12.3,10.5
2002-10-07,12.2,12.2,10.5
2002-10-08,11.8,12.2,11.5
2002-10-09,11.2,10.1,10.8
2002-10-10,12.4,11.0,11.1
2002-10-11,10.9,10.3,9.9
2002-10-12,10.2,9.1,9.0
2002-10-13,8.9,7.5,7.9
2002-10-14,10.5,8.9,7.9
2002-10-15,11.1,8.0,7.2
2002-10-16,9.8,7.5,5.6
2002-10-17,7.0,4.9,5.3
2002-10-18,5.4,4.2,4.6
2002-10-19,4.9,4.1,3.6
2002-10-20,7.2,4.2,2.5
2002-10-21,12.0,8.4,6.0
2002-10-22,13.4,11.3,6.2
2002-10-23,8.5,6.0,4.4
2002-10-24,7.4,6.3,4.4
2002-10-25,12.0,10.2,5.9
2002-10-26,11.0,8.8,6.0
2002-10-27,12.0,9.2,6.1
2002-10-28,8.7,8.2,6.6
2002-10-29,10.7,7.5,5.4
2002-10-30,10.6,6.6,2.6
2002-10-31,11.0,8.3,5.4
2002-11-01,12.8,11.9,9.3
2002-11-02,12.9,11.1,9.4
2002-11-03,11.3,10.0,9.7
2002-11-04,8.8,9.3,9.3
2002-11-05,9.8,11.5,11.2
2002-11-06,11.3,10.3,9.4
2002-11-07,6.9,6.7,6.1
2002-11-08,8.7,8.6,6.8
2002-11-09,8.7,6.4,4.1
2002-11-10,10.5,8.2,7.2
2002-11-11,9.6,8.0,7.0
2002-11-12,10.1,7.7,5.1
2002-11-13,9.6,7.0,5.3
2002-11-14,9.9,8.3,7.8
2002-11-15,9.2,7.5,5.7
2002-11-16,7.7,6.0,4.3
2002-11-17,7.5,5.1,2.2
2002-11-18,4.1,4.1,3.6
2002-11-19,6.7,5.7,5.6
2002-11-20,8.6,6.5,6.4
2002-11-21,9.7,8.9,8.6
2002-11-22,8.7,7.7,7.8
2002-11-23,8.1,7.3,7.1
2002-11-24,7.5,6.1,5.5
2002-11-25,6.6,5.5,4.6
2002-11-26,7.7,7.8,7.0
2002-11-27,8.6,8.7,8.8
2002-11-28,9.9,8.6,8.6
2002-11-29,8.3,7.4,6.6
2002-11-30,8.4,7.9,7.5
2002-12-01,9.5,8.1,7.2
2002-12-02,8.0,7.3,6.7
2002-12-03,6.5,6.7,7.4
2002-12-04,6.1,6.4,6.5
2002-12-05,4.9,4.1,4.9
2002-12-06,6.1,5.7,6.3
2002-12-07,5.3,4.9,4.8
2002-12-08,3.5,2.9,4.6
2002-12-09,2.1,2.5,4.9
2002-12-10,1.4,2.0,3.3
2002-12-11,2.1,1.2,3.8
2002-12-12,3.0,1.1,3.6
2002-12-13,5.4,3.1,3.5
2002-12-14,6.1,4.7,4.0
2002-12-15,6.6,4.1,3.4
2002-12-16,5.4,3.3,2.5
2002-12-17,3.7,0.5,-1.4
2002-12-18,3.5,-1.3,-0.3
2002-12-19,2.4,1.6,-0.8
2002-12-20,3.2,1.0,-1.0
2002-12-21,6.6,1.8,1.4
2002-12-22,10.2,7.5,5.1
2002-12-23,9.8,9.0,7.7
2002-12-24,11.2,10.5,9.6
2002-12-25,9.3,8.5,8.8
2002-12-26,10.0,8.2,7.1
2002-12-27,10.5,8.4,6.8
2002-12-28,7.0,6.7,5.9
2002-12-29,9.2,5.4,5.5
2002-12-30,9.3,4.4,4.4
2002-12-31,4.3,2.4,1.9
2003-01-01,8.7,6.2,3.0
2003-01-02,8.4,6.4,2.3
2003-01-03,5.5,0.7,-0.1
2003-01-04,0.8,-1.4,-1.4
2003-01-05,-0.4,-2.1,-2.1
2003-01-06,-0.6,-1.0,-1.2
2003-01-07,-1.5,-1.6,-0.6
2003-01-08,-1.0,-0.4,1.1
2003-01-09,0.2,1.9,1.7
2003-01-10,2.2,0.5,-0.7
2003-01-11,-0.6,-0.3,-0.5
2003-01-12,-1.2,2.8,4.9
2003-01-13,6.6,8.5,9.4
2003-01-14,7.6,8.7,9.4
2003-01-15,7.6,7.5,6.8
2003-01-16,5.5,6.6,7.6
2003-01-17,5.3,6.9,7.2
2003-01-18,4.6,5.3,5.5
2003-01-19,6.8,5.9,5.2
2003-01-20,7.8,6.8,4.7
2003-01-21,6.9,5.9,5.0
2003-01-22,5.5,4.8,4.0
2003-01-23,5.0,2.6,2.7
2003-01-24,3.4,5.9,9.0
2003-01-25,7.8,7.5,7.5
2003-01-26,8.6,9.3,9.7
2003-01-27,9.3,8.6,8.7
2003-01-28,6.1,4.9,4.7
2003-01-29,4.2,3.3,2.8
2003-01-30,0.8,0.4,-0.3
2003-01-31,-1.1,-1.0,-0.0
2003-02-01,2.6,3.9,3.5
2003-02-02,4.6,3.7,2.0
2003-02-03,3.4,1.8,0.4
2003-02-04,2.0,1.3,0.2
2003-02-05,0.3,-0.4,-0.0
2003-02-06,1.5,2.4,5.0
2003-02-07,6.6,7.2,6.3
2003-02-08,7.9,8.3,8.1
2003-02-09,6.8,5.9,5.2
2003-02-10,5.8,3.4,3.2
2003-02-11,5.5,5.8,6.4
2003-02-12,5.2,4.6,3.8
2003-02-13,1.3,2.1,3.5
2003-02-14,0.7,-0.5,1.1
2003-02-15,0.8,0.3,-0.5
2003-02-16,0.6,0.2,0.7
2003-02-17,0.3,-1.3,-0.1
2003-02-18,-0.1,-0.7,0.0
2003-02-19,0.6,0.2,2.0
2003-02-20,2.9,2.7,3.5
2003-02-21,3.4,5.1,3.5
2003-02-22,3.0,3.3,3.2
2003-02-23,7.2,7.0,5.6
2003-02-24,6.9,6.3,4.3
2003-02-25,6.4,6.3,6.1
2003-02-26,6.8,6.7,5.0
2003-02-27,8.2,7.4,5.7
2003-02-28,8.4,7.6,7.7
2003-03-01,7.2,6.7,6.7
2003-03-02,5.7,5.7,5.9
2003-03-03,4.8,4.8,5.2
2003-03-04,9.3,9.3,8.4
2003-03-05,10.6,7.6,7.5
2003-03-06,6.9,5.9,6.5
2003-03-07,6.2,5.5,6.7
2003-03-08,8.1,7.0,6.4
2003-03-09,9.7,9.8,9.2
2003-03-10,9.8,9.6,7.8
2003-03-11,9.2,9.0,7.5
2003-03-12,6.8,5.7,4.5
2003-03-13,4.3,3.2,3.5
2003-03-14,4.7,4.5,3.9
2003-03-15,4.9,4.5,4.7
2003-03-16,5.1,4.9,4.0
2003-03-17,6.0,5.5,4.2
2003-03-18,5.4,4.2,3.1
2003-03-19,5.9,5.0,4.5
2003-03-20,6.8,4.6,5.7
2003-03-21,5.9,6.9,7.3
2003-03-22,5.3,6.0,7.0
2003-03-23,7.9,7.2,6.5
2003-03-24,10.0,8.6,8.1
2003-03-25,9.5,7.4,8.4
2003-03-26,9.2,8.7,8.9
2003-03-27,8.8,9.1,7.7
2003-03-28,9.1,8.3,8.3
2003-03-29,10.5,8.4,7.6
2003-03-30,9.8,6.4,7.7
2003-03-31,7.4,7.6,6.3
2003-04-01,6.9,7.2,6.9
2003-04-02,6.8,6.8,5.8
2003-04-03,6.6,7.2,9.0
2003-04-04,9.5,9.1,10.4
2003-04-05,9.4,8.2,8.2
2003-04-06,7.6,7.5,7.7
2003-04-07,4.3,5.1,7.2
2003-04-08,3.2,4.7,7.2
2003-04-09,3.4,4.4,5.7
2003-04-10,4.1,3.7,4.6
2003-04-11,4.7,6.0,7.0
2003-04-12,6.7,7.5,7.7
2003-04-13,10.8,10.8,8.3
2003-04-14,13.4,13.3,10.9
2003-04-15,14.3,14.8,11.3
2003-04-16,14.8,16.4,11.2
2003-04-17,13.7,13.7,10.3
2003-04-18,12.5,11.7,9.1
2003-04-19,7.3,7.6,7.0
2003-04-20,9.2,8.4,7.8
2003-04-21,11.1,10.1,7.5
2003-04-22,10.6,9.7,9.0
2003-04-23,10.7,10.3,8.7
2003-04-24,11.2,9.6,7.1
2003-04-25,12.9,11.3,8.3
2003-04-26,11.1,9.5,9.9
2003-04-27,12.4,10.9,9.8
2003-04-28,12.5,11.4,8.4
2003-04-29,12.5,11.6,10.2
2003-04-30,11.9,10.7,8.6
2003-05-01,11.6,9.9,7.8
2003-05-02,11.2,9.7,7.7
2003-05-03,11.4,9.8,8.8
2003-05-04,14.9,13.6,11.5
2003-05-05,13.2,10.7,8.8
2003-05-06,11.4,9.4,9.4
2003-05-07,11.9,12.4,9.8
2003-05-08,12.2,10.8,9.6
2003-05-09,12.7,9.1,7.9
2003-05-10,10.9,9.6,8.3
2003-05-11,11.0,10.0,8.8
2003-05-12,10.1,8.7,7.5
2003-05-13,9.5,7.8,8.6
2003-05-14,10.3,8.6,8.6
2003-05-15,9.8,9.0,7.2
2003-05-16,9.9,9.1,8.1
2003-05-17,12.4,11.6,10.9
2003-05-18,12.9,12.1,11.0
2003-05-19,12.7,10.5,10.7
2003-05-20,11.5,10.1,10.9
2003-05-21,12.8,11.3,11.1
2003-05-22,14.5,12.9,12.2
2003-05-23,12.9,12.3,10.8
2003-05-24,12.3,11.0,10.5
2003-05-25,12.6,11.2,10.7
2003-05-26,13.1,12.2,10.8
2003-05-27,13.7,13.4,12.6
2003-05-28,16.7,16.4,14.3
2003-05-29,17.2,17.5,14.4
2003-05-30,18.6,18.9,13.9
2003-05-31,19.9,19.0,15.6
2003-06-01,17.9,17.6,15.9
2003-06-02,16.6,16.5,14.9
2003-06-03,15.8,15.5,13.6
2003-06-04,15.7,15.2,14.3
2003-06-05,14.9,14.7,13.3
2003-06-06,14.5,14.7,15.3
2003-06-07,16.8,16.2,14.3
2003-06-08,15.0,13.6,13.0
2003-06-09,14.6,14.2,13.3
2003-06-10,17.3,15.8,14.6
2003-06-11,16.2,15.0,13.6
2003-06-12,16.3,14.4,13.2
2003-06-13,16.2,13.8,13.3
2003-06-14,16.6,16.1,14.2
2003-06-15,17.6,15.9,14.5
2003-06-16,19.7,17.5,15.1
2003-06-17,18.8,16.6,15.6
2003-06-18,17.4,15.0,13.6
2003-06-19,19.0,15.3,12.9
2003-06-20,16.7,13.1,13.1
2003-06-21,16.6,14.9,11.9
2003-06-22,19.8,18.7,13.6
2003-06-23,19.1,15.1,13.7
2003-06-24,17.5,15.0,13.7
2003-06-25,16.4,16.9,15.0
2003-06-26,17.5,16.7,15.3
2003-06-27,18.0,15.0,13.9
2003-06-28,17.0,13.4,14.7
2003-06-29,17.7,15.8,14.5
2003-06-30,17.0,13.2,13.5
2003-07-01,16.0,13.8,13.7
2003-07-02,16.2,14.4,14.7
2003-07-03,15.3,14.1,16.0
2003-07-04,16.3,13.8,16.3
2003-07-05,16.3,13.7,13.5
2003-07-06,17.6,14.3,14.9
2003-07-07,18.3,15.4,15.5
2003-07-08,18.1,16.5,15.6
2003-07-09,20.3,19.1,17.0
2003-07-10,21.3,18.4,15.8
2003-07-11,19.2,14.9,13.8
2003-07-12,18.6,16.0,14.4
2003-07-13,18.6,19.5,17.0
2003-07-14,20.4,19.0,18.2
2003-07-15,22.6,20.8,16.8
2003-07-16,20.5,21.2,17.1
2003-07-17,17.6,16.9,17.1
2003-07-18,18.8,17.6,15.7
2003-07-19,20.4,19.0,17.2
2003-07-20,18.7,17.5,16.8
2003-07-21,18.5,16.9,15.9
2003-07-22,18.5,16.6,15.7
2003-07-23,18.1,16.4,15.7
2003-07-24,18.2,16.1,15.5
2003-07-25,16.6,14.9,15.7
2003-07-26,16.3,15.6,14.7
2003-07-27,16.7,15.0,14.7
2003-07-28,16.3,15.0,14.6
2003-07-29,17.9,16.4,16.2
2003-07-30,18.5,16.8,15.8
2003-07-31,17.6,15.5,15.4
2003-08-01,17.1,16.8,15.5
2003-08-02,18.8,15.1,14.7
2003-08-03,19.6,16.1,15.9
2003-08-04,21.3,19.9,17.2
2003-08-05,22.0,22.0,17.5
2003-08-06,25.6,20.2,18.6
2003-08-07,22.6,18.5,18.1
2003-08-08,22.7,20.2,16.7
2003-08-09,24.2,22.6,19.5
2003-08-10,26.6,20.6,18.7
2003-08-11,24.9,20.3,15.8
2003-08-12,23.6,19.0,15.5
2003-08-13,22.5,15.5,15.1
2003-08-14,18.8,15.3,15.3
2003-08-15,17.2,15.1,14.3
2003-08-16,16.9,16.6,15.0
2003-08-17,18.2,17.2,16.4
2003-08-18,19.3,16.5,15.9
2003-08-19,18.1,15.0,14.9
2003-08-20,17.8,15.6,14.8
2003-08-21,17.9,16.7,15.4
2003-08-22,21.0,16.8,14.4
2003-08-23,21.3,18.4,14.6
2003-08-24,19.1,17.6,13.9
2003-08-25,17.6,15.6,13.7
2003-08-26,17.4,15.3,13.1
2003-08-27,17.5,14.7,12.5
2003-08-28,15.5,12.5,12.3
2003-08-29,14.4,12.3,12.0
2003-08-30,13.4,11.2,11.7
2003-08-31,13.7,12.2,11.9
2003-09-01,14.6,12.2,12.3
2003-09-02,15.3,13.4,14.1
2003-09-03,16.8,14.9,14.5
2003-09-04,16.5,16.0,15.0
2003-09-05,18.3,15.8,15.2
2003-09-06,16.9,13.1,13.2
2003-09-07,14.1,13.0,12.7
2003-09-08,15.1,13.2,13.0
2003-09-09,15.3,11.9,12.3
2003-09-10,15.4,13.2,11.9
2003-09-11,15.4,14.3,11.7
2003-09-12,15.9,13.5,13.0
2003-09-13,15.1,15.8,15.4
2003-09-14,15.6,16.0,17.0
2003-09-15,17.0,16.5,16.8
2003-09-16,17.5,15.8,16.4
2003-09-17,17.9,15.9,16.6
2003-09-18,16.4,16.0,15.4
2003-09-19,17.0,16.0,13.4
2003-09-20,17.6,14.6,12.5
2003-09-21,18.7,14.4,12.5
2003-09-22,15.9,13.1,11.0
2003-09-23,11.0,9.1,7.5
2003-09-24,10.1,10.7,10.9
2003-09-25,11.9,11.2,12.8
2003-09-26,12.9,11.6,11.4
2003-09-27,13.7,10.1,9.0
2003-09-28,12.2,9.8,8.8
2003-09-29,11.2,10.6,10.4
2003-09-30,13.3,13.2,9.7
2003-10-01,14.3,13.0,11.5
2003-10-02,14.6,12.0,10.8
2003-10-03,14.7,11.8,11.2
2003-10-04,10.7,8.8,6.6
2003-10-05,7.9,6.7,7.1
2003-10-06,12.0,10.0,8.5
2003-10-07,10.7,9.0,7.3
2003-10-08,12.9,12.3,10.9
2003-10-09,14.9,13.4,12.6
2003-10-10,14.8,12.3,10.5
2003-10-11,11.6,10.8,9.4
2003-10-12,11.4,12.1,10.9
2003-10-13,12.0,11.0,11.0
2003-10-14,11.6,10.2,10.6
2003-10-15,9.9,8.9,9.8
2003-10-16,9.9,9.0,9.2
2003-10-17,9.2,8.5,8.4
2003-10-18,9.1,8.5,6.6
2003-10-19,9.8,7.5,6.7
2003-10-20,8.1,5.3,4.3
2003-10-21,5.5,3.3,2.7
2003-10-22,6.8,4.8,4.9
2003-10-23,6.5,5.3,5.6
2003-10-24,4.8,3.6,4.9
2003-10-25,5.3,4.7,6.0
2003-10-26,6.6,4.1,4.9
2003-10-27,5.5,5.5,9.2
2003-10-28,5.8,7.0,9.3
2003-10-29,7.2,7.4,5.0
2003-10-30,7.1,5.8,3.2
2003-10-31,8.9,7.0,6.5
2003-11-01,7.7,5.9,5.1
2003-11-02,10.1,8.9,7.9
2003-11-03,10.6,8.7,7.5
2003-11-04,9.7,9.1,9.5
2003-11-05,11.0,11.1,12.8
2003-11-06,10.8,12.5,10.9
2003-11-07,8.2,9.5,10.2
2003-11-08,7.8,7.2,8.4
2003-11-09,7.4,7.6,8.2
2003-11-10,8.8,9.3,8.1
2003-11-11,9.7,8.9,7.9
2003-11-12,10.3,9.4,8.7
2003-11-13,9.1,8.5,7.6
2003-11-14,10.7,9.2,8.0
2003-11-15,8.4,7.9,7.5
2003-11-16,6.2,5.6,5.1
2003-11-17,8.0,9.4,9.0
2003-11-18,12.2,12.1,11.9
2003-11-19,12.0,11.2,10.0
2003-11-20,11.4,9.7,7.3
2003-11-21,9.4,4.8,5.4
2003-11-22,8.3,2.8,4.1
2003-11-23,6.8,1.4,2.2
2003-11-24,6.0,1.4,4.4
2003-11-25,7.6,7.2,6.4
2003-11-26,8.1,6.0,5.0
2003-11-27,2.8,3.4,5.9
2003-11-28,3.9,4.3,5.8
2003-11-29,8.3,8.0,8.3
2003-11-30,7.1,5.5,5.2
2003-12-01,8.4,6.9,4.9
2003-12-02,7.7,7.9,7.6
2003-12-03,7.9,7.1,6.6
2003-12-04,7.7,5.2,4.2
2003-12-05,6.8,2.6,6.7
2003-12-06,6.0,5.4,4.7
2003-12-07,2.8,1.8,0.8
2003-12-08,2.6,0.3,-1.4
2003-12-09,3.6,3.5,3.3
2003-12-10,2.7,2.8,8.1
2003-12-11,8.5,6.0,3.5
2003-12-12,7.4,5.7,4.1
2003-12-13,11.6,9.9,8.0
2003-12-14,7.1,6.3,4.0
2003-12-15,1.9,1.1,0.6
2003-12-16,0.2,1.4,5.5
2003-12-17,2.3,1.4,7.6
2003-12-18,1.9,0.9,6.3
2003-12-19,3.1,2.9,4.6
2003-12-20,6.7,4.2,2.3
2003-12-21,4.2,2.5,1.4
2003-12-22,0.4,0.1,0.3
2003-12-23,5.7,7.7,8.0
2003-12-24,8.1,8.1,9.6
2003-12-25,9.1,8.9,8.2
2003-12-26,9.2,8.1,6.1
2003-12-27,5.2,3.1,2.8
2003-12-28,3.2,2.9,1.9
2003-12-29,2.0,-1.1,-1.5
2003-12-30,2.6,-1.0,-2.2
2003-12-31,2.0,0.5,0.0
2004-01-01,5.3,4.8,4.3
2004-01-02,3.4,2.6,0.8
2004-01-03,0.9,2.2,4.8
2004-01-04,4.5,5.3,2.9
2004-01-05,6.5,7.7,7.4
2004-01-06,8.8,7.6,6.7
2004-01-07,7.4,7.6,7.2
2004-01-08,8.2,8.0,7.7
2004-01-09,5.7,5.3,5.7
2004-01-10,7.6,7.5,6.9
2004-01-11,8.7,7.1,5.2
2004-01-12,5.7,5.0,4.3
2004-01-13,7.6,5.4,2.7
2004-01-14,3.8,3.2,3.2
2004-01-15,4.2,4.2,3.4
2004-01-16,5.8,3.9,2.5
2004-01-17,2.6,0.8,1.2
2004-01-18,2.7,1.7,4.2
2004-01-19,7.7,7.9,9.6
2004-01-20,8.9,8.2,8.9
2004-01-21,7.7,6.0,6.4
2004-01-22,6.5,6.6,7.7
2004-01-23,6.3,7.4,7.4
2004-01-24,6.0,5.3,4.6
2004-01-25,2.0,2.8,3.5
2004-01-26,3.1,1.5,1.8
2004-01-27,1.7,0.2,-0.3
2004-01-28,0.6,-0.4,-0.4
2004-01-29,-0.0,1.4,1.8
2004-01-30,3.3,4.1,4.7
2004-01-31,10.0,8.4,1.6
2004-02-01,10.4,7.9,3.6
2004-02-02,11.1,10.3,8.2
2004-02-03,12.8,12.7,11.3
2004-02-04,13.4,12.0,9.4
2004-02-05,12.0,11.2,9.7
2004-02-06,9.1,7.6,6.6
2004-02-07,6.7,4.9,3.6
2004-02-08,5.2,3.6,2.0
2004-02-09,0.3,0.9,1.6
2004-02-10,3.5,6.1,8.1
2004-02-11,8.8,8.3,7.9
2004-02-12,7.9,8.1,5.2
2004-02-13,7.5,7.8,6.8
2004-02-14,6.4,5.9,5.9
2004-02-15,5.8,4.9,4.6
2004-02-16,5.1,4.6,4.4
2004-02-17,5.1,5.3,4.2
2004-02-18,5.1,3.0,2.1
2004-02-19,3.9,4.3,1.5
2004-02-20,2.0,2.0,2.7
2004-02-21,2.8,2.1,2.2
2004-02-22,3.3,1.6,0.9
2004-02-23,1.2,0.2,2.2
2004-02-24,2.0,3.3,3.2
2004-02-25,0.1,-1.0,0.0
2004-02-26,-0.9,-1.0,0.1
2004-02-27,-0.2,0.6,0.3
2004-02-28,1.0,0.4,0.1
2004-02-29,1.3,0.3,0.4
2004-03-01,0.3,0.2,1.4
2004-03-02,0.9,0.4,2.7
2004-03-03,3.3,3.3,5.1
2004-03-04,7.2,6.4,5.6
2004-03-05,6.5,3.9,4.7
2004-03-06,5.7,4.5,4.1
2004-03-07,4.2,3.9,4.2
2004-03-08,4.6,3.7,2.7
2004-03-09,3.5,2.4,2.6
2004-03-10,2.0,1.9,2.3
2004-03-11,1.7,1.9,2.6
2004-03-12,3.7,2.1,3.3
2004-03-13,7.3,5.5,4.7
2004-03-14,9.1,8.1,7.0
2004-03-15,10.8,9.9,9.0
2004-03-16,11.7,12.3,10.4
2004-03-17,10.6,9.9,8.5
2004-03-18,8.8,6.3,6.6
2004-03-19,8.7,6.8,4.1
2004-03-20,10.5,8.9,5.6
2004-03-21,8.3,6.2,5.2
2004-03-22,6.3,5.4,4.8
2004-03-23,4.8,5.0,4.3
2004-03-24,5.3,5.1,4.7
2004-03-25,4.2,4.7,5.4
2004-03-26,5.1,3.8,7.4
2004-03-27,6.3,7.4,8.5
2004-03-28,7.5,7.9,8.5
2004-03-29,8.1,8.8,8.4
2004-03-30,8.4,7.8,7.5
2004-03-31,10.7,9.1,6.1
2004-04-01,10.7,10.5,7.4
2004-04-02,10.8,10.9,8.7
2004-04-03,10.2,9.1,7.7
2004-04-04,9.2,7.4,6.4
2004-04-05,8.0,6.2,5.8
2004-04-06,6.2,5.9,5.8
2004-04-07,6.0,5.5,5.8
2004-04-08,5.6,5.2,5.4
2004-04-09,6.2,5.7,9.4
2004-04-10,8.0,8.3,6.6
2004-04-11,6.5,8.6,8.2
2004-04-12,9.0,7.6,8.3
2004-04-13,9.5,8.4,8.5
2004-04-14,9.4,9.9,10.2
2004-04-15,9.6,9.4,7.5
2004-04-16,11.9,8.2,7.2
2004-04-17,9.8,8.0,5.4
2004-04-18,7.6,6.9,6.6
2004-04-19,7.2,7.3,6.2
2004-04-20,8.0,8.3,9.0
2004-04-21,12.2,11.1,10.9
2004-04-22,10.8,10.1,9.4
2004-04-23,11.3,10.0,10.8
2004-04-24,13.4,13.1,12.7
2004-04-25,13.6,14.4,12.3
2004-04-26,13.3,13.1,11.0
2004-04-27,12.8,10.1,9.1
2004-04-28,11.7,9.8,8.0
2004-04-29,8.5,8.8,7.3
2004-04-30,9.7,10.2,8.5
2004-05-01,11.2,11.4,10.0
2004-05-02,11.9,10.2,9.7
2004-05-03,9.7,9.2,8.1
2004-05-04,8.2,8.0,7.1
2004-05-05,8.6,7.4,7.2
2004-05-06,9.7,8.7,9.1
2004-05-07,10.6,9.4,10.1
2004-05-08,10.6,10.9,11.8
2004-05-09,12.1,12.5,12.2
2004-05-10,13.4,12.9,12.6
2004-05-11,12.0,12.0,10.8
2004-05-12,10.5,11.1,10.5
2004-05-13,11.5,11.2,11.3
2004-05-14,14.2,12.2,12.5
2004-05-15,15.5,13.2,13.5
2004-05-16,15.9,15.0,14.3
2004-05-17,16.3,13.9,11.7
2004-05-18,16.5,12.7,10.6
2004-05-19,16.4,12.4,11.5
2004-05-20,15.4,11.6,9.9
2004-05-21,11.1,9.4,7.9
2004-05-22,9.5,9.8,9.9
2004-05-23,11.3,10.8,11.1
2004-05-24,13.6,11.0,11.2
2004-05-25,14.0,11.4,9.9
2004-05-26,11.7,10.6,8.9
2004-05-27,11.5,12.2,10.3
2004-05-28,13.2,13.2,11.9
2004-05-29,15.5,14.4,12.9
2004-05-30,14.6,13.7,13.4
2004-05-31,14.2,14.2,12.0
2004-06-01,13.5,13.2,11.6
2004-06-02,14.8,12.9,13.2
2004-06-03,14.9,13.4,12.7
2004-06-04,17.2,14.5,13.0
2004-06-05,17.1,14.9,13.5
2004-06-06,18.2,16.4,15.2
2004-06-07,19.1,18.0,14.2
2004-06-08,20.1,18.9,12.9
2004-06-09,18.5,16.4,15.5
2004-06-10,17.7,17.1,14.9
2004-06-11,16.7,14.2,13.1
2004-06-12,15.6,14.0,14.9
2004-06-13,16.9,15.5,14.6
2004-06-14,20.3,16.3,14.5
2004-06-15,19.4,14.5,14.6
2004-06-16,18.3,15.5,13.1
2004-06-17,16.4,13.7,12.8
2004-06-18,14.7,11.2,10.1
2004-06-19,12.5,9.6,8.8
2004-06-20,12.4,11.1,10.2
2004-06-21,13.4,11.7,11.6
2004-06-22,14.7,14.3,12.7
2004-06-23,14.9,13.9,11.3
2004-06-24,14.1,11.4,10.6
2004-06-25,14.7,12.6,12.8
2004-06-26,14.4,13.6,12.5
2004-06-27,16.8,15.0,14.1
2004-06-28,15.2,13.9,12.7
2004-06-29,16.6,15.1,13.7
2004-06-30,16.2,14.2,13.9
2004-07-01,14.6,13.1,12.3
2004-07-02,14.4,13.5,12.5
2004-07-03,15.0,13.1,13.0
2004-07-04,14.5,13.1,12.1
2004-07-05,15.1,12.9,12.1
2004-07-06,15.7,14.4,12.8
2004-07-07,15.3,14.3,11.8
2004-07-08,15.3,10.9,11.0
2004-07-09,13.8,11.8,11.7
2004-07-10,13.8,11.9,12.5
2004-07-11,14.2,12.7,13.1
2004-07-12,14.9,13.9,13.5
2004-07-13,15.2,13.5,12.7
2004-07-14,16.4,15.1,14.5
2004-07-15,18.8,14.6,13.2
2004-07-16,18.4,14.4,14.2
2004-07-17,17.7,14.8,13.4
2004-07-18,16.9,14.0,13.3
2004-07-19,16.1,14.2,13.8
2004-07-20,18.2,17.5,14.7
2004-07-21,18.5,17.6,16.7
2004-07-22,19.9,16.1,16.1
2004-07-23,19.3,15.0,14.3
2004-07-24,17.9,14.4,12.6
2004-07-25,17.0,13.6,14.7
2004-07-26,16.7,14.8,14.0
2004-07-27,18.1,15.7,15.9
2004-07-28,19.1,18.2,16.4
2004-07-29,20.8,19.8,17.7
2004-07-30,20.2,16.8,16.9
2004-07-31,20.4,16.1,16.1
2004-08-01,19.6,17.8,14.8
2004-08-02,19.8,18.7,15.8
2004-08-03,20.8,19.0,17.6
2004-08-04,21.0,17.7,15.7
2004-08-05,21.0,19.6,16.3
2004-08-06,20.8,19.0,17.9
2004-08-07,21.4,20.2,16.6
2004-08-08,23.5,21.9,17.8
2004-08-09,20.8,20.6,17.9
2004-08-10,19.6,18.5,17.1
2004-08-11,18.9,18.6,16.5
2004-08-12,18.1,18.0,15.7
2004-08-13,17.7,17.2,15.9
2004-08-14,18.5,17.0,15.6
2004-08-15,18.6,17.5,16.8
2004-08-16,17.4,17.4,15.5
2004-08-17,18.3,17.0,14.8
2004-08-18,18.5,17.2,15.5
2004-08-19,17.8,16.5,15.5
2004-08-20,16.3,13.9,13.7
2004-08-21,15.1,12.7,11.8
2004-08-22,15.6,14.1,12.1
2004-08-23,16.7,15.0,14.1
2004-08-24,16.7,14.9,14.6
2004-08-25,16.1,15.1,14.3
2004-08-26,16.8,14.9,12.4
2004-08-27,16.0,15.0,13.7
2004-08-28,15.2,13.3,12.5
2004-08-29,15.2,13.7,12.7
2004-08-30,15.1,13.6,13.3
2004-08-31,14.3,12.4,11.9
2004-09-01,14.8,12.9,13.0
2004-09-02,17.4,15.6,14.0
2004-09-03,17.8,16.2,15.7
2004-09-04,17.9,17.4,17.8
2004-09-05,19.0,17.8,17.5
2004-09-06,18.4,16.9,13.2
2004-09-07,17.5,14.3,12.2
2004-09-08,16.3,13.8,11.8
2004-09-09,17.9,16.2,12.8
2004-09-10,17.4,15.9,13.7
2004-09-11,17.2,14.5,14.5
2004-09-12,14.6,12.9,12.9
2004-09-13,15.4,13.1,11.5
2004-09-14,14.5,12.0,11.7
2004-09-15,12.9,11.4,10.2
2004-09-16,12.4,12.7,13.4
2004-09-17,15.5,14.7,13.2
2004-09-18,16.5,13.4,12.1
2004-09-19,13.5,12.5,11.1
2004-09-20,14.6,12.8,11.4
2004-09-21,12.9,11.7,10.7
2004-09-22,14.3,13.3,10.9
2004-09-23,15.7,13.0,10.9
2004-09-24,11.6,9.5,9.7
2004-09-25,11.3,11.4,11.6
2004-09-26,14.3,13.5,12.9
2004-09-27,15.2,14.6,12.1
2004-09-28,15.3,13.3,13.0
2004-09-29,14.3,12.6,11.1
2004-09-30,15.2,13.0,12.4
2004-10-01,13.2,11.5,10.8
2004-10-02,12.7,11.0,10.3
2004-10-03,13.4,11.5,10.7
2004-10-04,14.0,12.4,9.6
2004-10-05,11.7,11.1,10.1
2004-10-06,11.8,9.7,9.7
2004-10-07,10.4,9.8,9.6
2004-10-08,10.0,8.9,7.5
2004-10-09,10.8,8.6,7.1
2004-10-10,12.1,10.0,8.7
2004-10-11,11.1,9.4,9.4
2004-10-12,12.3,10.0,9.3
2004-10-13,11.6,9.8,10.8
2004-10-14,9.9,6.9,8.9
2004-10-15,7.7,7.6,8.8
2004-10-16,7.9,8.9,8.9
2004-10-17,8.6,8.6,8.8
2004-10-18,8.0,7.3,7.1
2004-10-19,9.3,8.0,7.3
2004-10-20,14.1,9.8,5.6
2004-10-21,11.8,9.6,8.0
2004-10-22,14.0,11.5,8.7
2004-10-23,15.4,12.7,7.7
2004-10-24,15.2,13.3,9.6
2004-10-25,11.6,9.8,9.1
2004-10-26,8.2,8.0,6.7
2004-10-27,9.7,8.7,8.4
2004-10-28,12.8,11.7,10.4
2004-10-29,12.0,10.7,10.3
2004-10-30,11.3,9.8,10.3
2004-10-31,10.4,9.7,9.1
2004-11-01,10.0,7.5,7.6
2004-11-02,10.1,9.5,7.8
2004-11-03,10.5,10.1,9.5
2004-11-04,9.8,9.4,8.0
2004-11-05,7.5,9.6,8.3
2004-11-06,9.6,10.7,10.9
2004-11-07,10.7,10.3,10.8
2004-11-08,10.1,10.0,8.8
2004-11-09,8.5,7.5,7.9
2004-11-10,6.9,6.7,6.1
2004-11-11,7.0,6.8,9.5
2004-11-12,9.0,8.6,7.9
2004-11-13,3.5,2.8,3.9
2004-11-14,3.0,5.5,8.3
2004-11-15,5.5,8.6,9.4
2004-11-16,8.7,10.4,6.2
2004-11-17,10.9,10.9,8.8
2004-11-18,9.0,5.5,3.1
2004-11-19,2.1,-0.2,0.4
2004-11-20,1.2,-0.1,0.3
2004-11-21,5.9,5.0,3.7
2004-11-22,10.8,10.9,9.6
2004-11-23,9.1,9.2,7.7
2004-11-24,8.6,8.1,10.0
2004-11-25,6.7,7.5,10.3
2004-11-26,8.6,8.2,7.7
2004-11-27,6.0,6.1,6.2
2004-11-28,7.0,4.9,3.8
2004-11-29,5.5,1.4,3.1
2004-11-30,4.5,3.2,6.1
2004-12-01,3.5,4.3,3.7
2004-12-02,3.9,1.6,0.5
2004-12-03,3.2,3.8,6.9
2004-12-04,5.2,7.5,8.9
2004-12-05,6.4,8.1,8.0
2004-12-06,7.5,8.0,9.0
2004-12-07,5.5,5.8,6.3
2004-12-08,6.5,7.3,7.4
2004-12-09,5.4,3.4,7.1
2004-12-10,4.4,3.1,7.4
2004-12-11,3.8,6.8,4.3
2004-12-12,4.5,5.0,7.7
2004-12-13,3.0,3.1,6.5
2004-12-14,6.9,6.9,10.0
2004-12-15,9.5,7.5,6.7
2004-12-16,8.7,8.1,6.3
2004-12-17,5.3,4.6,3.1
2004-12-18,4.6,3.9,1.9
2004-12-19,3.1,1.5,-1.1
2004-12-20,1.4,0.5,1.8
2004-12-21,2.4,2.7,2.2
2004-12-22,7.8,9.0,9.2
2004-12-23,10.3,9.8,8.5
2004-12-24,8.3,5.7,3.0
2004-12-25,1.8,0.9,0.3
2004-12-26,-0.7,-0.8,1.0
2004-12-27,0.8,2.2,5.5
2004-12-28,4.5,4.1,2.6
2004-12-29,4.7,6.0,6.2
2004-12-30,9.6,9.6,9.4
2004-12-31,9.1,7.8,4.6
2005-01-01,7.4,6.4,6.1
2005-01-02,4.8,4.6,3.2
2005-01-03,6.4,7.5,7.3
2005-01-04,8.5,7.1,6.6
2005-01-05,5.1,5.8,5.4
2005-01-06,7.4,7.3,7.3
2005-01-07,11.0,10.9,9.4
2005-01-08,8.3,6.7,4.8
2005-01-09,8.3,8.7,7.3
2005-01-10,10.5,9.8,8.7
2005-01-11,9.0,7.7,7.6
2005-01-12,6.7,5.8,4.3
2005-01-13,3.6,4.0,2.6
2005-01-14,3.3,3.2,3.3
2005-01-15,6.5,8.1,9.2
2005-01-16,6.6,7.2,8.3
2005-01-17,7.6,7.0,4.8
2005-01-18,4.4,2.9,2.0
2005-01-19,6.4,6.4,4.8
2005-01-20,10.7,8.5,5.9
2005-01-21,6.1,4.0,2.8
2005-01-22,1.9,0.1,-0.8
2005-01-23,2.2,0.6,1.0
2005-01-24,1.6,1.3,1.3
2005-01-25,1.3,2.7,3.8
2005-01-26,0.7,2.1,5.3
2005-01-27,4.4,5.1,4.7
2005-01-28,5.2,4.9,4.6
2005-01-29,5.4,4.9,4.9
2005-01-30,5.3,5.1,6.1
2005-01-31,7.2,7.4,8.8
2005-02-01,7.5,7.8,7.6
2005-02-02,5.5,5.3,6.0
2005-02-03,5.6,7.5,7.4
2005-02-04,6.8,5.3,7.4
2005-02-05,5.4,4.7,4.7
2005-02-06,5.3,3.7,3.5
2005-02-07,3.1,4.3,3.7
2005-02-08,4.3,5.4,5.9
2005-02-09,7.0,7.7,7.1
2005-02-10,9.1,7.0,4.3
2005-02-11,8.3,5.0,3.1
2005-02-12,9.7,7.4,3.7
2005-02-13,4.5,3.7,2.7
2005-02-14,3.4,2.5,2.8
2005-02-15,2.7,2.1,1.6
2005-02-16,1.8,1.0,3.2
2005-02-17,2.7,5.1,4.8
2005-02-18,5.4,4.8,5.6
2005-02-19,2.7,1.7,1.1
2005-02-20,1.3,0.5,0.9
2005-02-21,1.5,0.5,1.0
2005-02-22,1.3,1.2,1.7
2005-02-23,0.5,0.1,0.5
2005-02-24,1.0,1.7,1.5
2005-02-25,0.4,2.0,2.7
2005-02-26,2.3,2.6,3.0
2005-02-27,-0.0,0.4,1.9
2005-02-28,-1.2,0.6,2.4
2005-03-01,2.4,2.5,1.8
2005-03-02,0.8,0.9,0.9
2005-03-03,0.0,0.6,1.9
2005-03-04,0.6,3.7,3.8
2005-03-05,1.4,1.8,2.9
2005-03-06,1.6,0.9,2.1
2005-03-07,3.4,3.5,4.3
2005-03-08,5.0,3.7,4.0
2005-03-09,5.1,3.9,4.9
2005-03-10,5.2,4.4,5.3
2005-03-11,6.2,5.2,5.1
2005-03-12,4.2,3.3,2.7
2005-03-13,2.5,1.3,0.8
2005-03-14,3.7,4.2,2.8
2005-03-15,8.6,9.6,7.3
2005-03-16,12.0,11.4,11.5
2005-03-17,12.7,12.3,11.6
2005-03-18,10.9,9.7,11.4
2005-03-19,10.3,10.1,10.5
2005-03-20,9.6,10.3,8.0
2005-03-21,10.9,10.1,8.2
2005-03-22,12.0,11.8,10.0
2005-03-23,11.4,11.2,10.4
2005-03-24,11.4,12.0,10.7
2005-03-25,11.1,10.2,9.9
2005-03-26,9.8,8.4,6.9
2005-03-27,8.9,7.1,6.2
2005-03-28,9.3,7.7,5.5
2005-03-29,8.0,7.8,5.4
2005-03-30,9.2,6.8,5.6
2005-03-31,9.7,9.2,6.8
2005-04-01,10.5,10.0,9.1
2005-04-02,11.0,11.7,10.6
2005-04-03,12.2,10.9,10.2
2005-04-04,10.0,8.3,6.4
2005-04-05,7.6,7.7,6.7
2005-04-06,9.3,8.2,6.1
2005-04-07,8.1,5.8,4.3
2005-04-08,4.7,3.5,2.3
2005-04-09,5.3,5.0,5.7
2005-04-10,9.1,9.1,8.9
2005-04-11,10.1,9.7,10.3
2005-04-12,9.7,8.8,7.4
2005-04-13,9.0,7.6,6.8
2005-04-14,8.1,7.2,5.9
2005-04-15,6.8,5.7,5.6
2005-04-16,6.3,4.6,5.4
2005-04-17,7.6,6.1,6.4
2005-04-18,10.3,7.8,7.4
2005-04-19,8.2,7.1,7.1
2005-04-20,8.6,6.2,6.5
2005-04-21,9.5,8.8,6.5
2005-04-22,9.9,9.5,5.5
2005-04-23,10.0,9.0,6.0
2005-04-24,10.6,8.6,6.5
2005-04-25,10.7,9.8,7.2
2005-04-26,10.9,9.7,7.3
2005-04-27,10.4,9.8,8.4
2005-04-28,11.5,11.2,9.3
2005-04-29,13.3,11.4,10.4
2005-04-30,15.5,11.8,10.6
2005-05-01,17.6,15.5,10.7
2005-05-02,15.2,14.1,12.6
2005-05-03,13.1,12.9,11.6
2005-05-04,10.6,10.5,9.0
2005-05-05,10.1,10.0,10.2
2005-05-06,12.0,9.4,8.5
2005-05-07,10.9,8.4,7.4
2005-05-08,9.0,7.8,7.4
2005-05-09,8.2,7.1,6.5
2005-05-10,7.7,7.1,6.7
2005-05-11,7.2,7.6,8.4
2005-05-12,8.5,8.2,9.4
2005-05-13,10.2,8.4,8.2
2005-05-14,9.6,8.9,9.3
2005-05-15,10.3,9.2,12.5
2005-05-16,9.8,7.8,7.6
2005-05-17,8.5,6.6,6.3
2005-05-18,10.3,8.9,6.9
2005-05-19,12.4,12.6,10.0
2005-05-20,14.0,13.4,11.4
2005-05-21,12.1,10.4,10.8
2005-05-22,12.6,10.6,9.3
2005-05-23,11.5,10.2,9.2
2005-05-24,12.8,12.2,10.0
2005-05-25,14.8,14.7,11.5
2005-05-26,18.2,14.7,13.1
2005-05-27,20.7,15.7,8.9
2005-05-28,16.3,14.6,10.6
2005-05-29,13.0,11.4,10.6
2005-05-30,13.1,11.0,9.4
2005-05-31,13.6,11.9,9.0
2005-06-01,13.5,12.4,10.0
2005-06-02,15.4,14.6,12.6
2005-06-03,14.6,13.9,13.5
2005-06-04,14.4,12.8,12.3
2005-06-05,14.1,13.3,9.2
2005-06-06,13.1,11.4,9.8
2005-06-07,11.5,11.4,12.1
2005-06-08,13.1,13.7,15.2
2005-06-09,15.0,14.4,15.0
2005-06-10,14.8,12.8,11.8
2005-06-11,11.3,11.4,12.0
2005-06-12,13.6,10.2,9.7
2005-06-13,12.8,9.4,10.8
2005-06-14,14.3,11.9,10.9
2005-06-15,14.4,13.8,13.6
2005-06-16,16.9,15.7,12.8
2005-06-17,20.6,18.4,15.9
2005-06-18,22.0,20.8,19.1
2005-06-19,23.6,20.4,17.9
2005-06-20,21.6,16.6,15.4
2005-06-21,20.3,15.0,15.0
2005-06-22,21.0,18.2,17.0
2005-06-23,22.9,18.0,16.5
2005-06-24,22.8,16.6,13.7
2005-06-25,17.4,14.8,12.7
2005-06-26,15.5,14.9,14.6
2005-06-27,16.7,14.9,14.4
2005-06-28,17.3,16.8,14.8
2005-06-29,18.9,14.1,13.1
2005-06-30,16.7,15.7,14.4
2005-07-01,16.9,16.0,15.0
2005-07-02,18.3,18.2,15.5
2005-07-03,17.0,15.9,14.1
2005-07-04,14.5,13.9,13.5
2005-07-05,14.1,13.0,13.0
2005-07-06,15.4,13.7,12.3
2005-07-07,15.6,14.6,14.1
2005-07-08,15.5,15.9,15.2
2005-07-09,17.0,17.5,17.4
2005-07-10,19.8,20.0,18.7
2005-07-11,19.6,21.5,19.7
2005-07-12,17.7,20.7,19.8
2005-07-13,20.4,17.8,16.6
2005-07-14,21.9,18.7,15.5
2005-07-15,20.7,16.1,15.2
2005-07-16,18.5,14.2,15.0
2005-07-17,19.7,18.2,17.8
2005-07-18,18.9,15.6,14.9
2005-07-19,17.7,14.5,13.1
2005-07-20,18.1,14.4,14.6
2005-07-21,17.6,14.3,17.1
2005-07-22,17.0,15.8,14.9
2005-07-23,17.9,16.1,13.5
2005-07-24,16.5,14.3,12.7
2005-07-25,16.3,13.8,12.8
2005-07-26,15.7,14.7,13.4
2005-07-27,15.4,16.0,12.6
2005-07-28,19.1,13.5,12.4
2005-07-29,17.5,17.5,11.7
2005-07-30,15.8,14.9,12.6
2005-07-31,16.1,14.3,13.1
2005-08-01,16.0,14.8,13.8
2005-08-02,17.0,16.4,14.9
2005-08-03,17.2,14.8,13.7
2005-08-04,16.6,14.7,13.7
2005-08-05,16.9,14.4,13.8
2005-08-06,15.3,13.5,13.4
2005-08-07,14.8,13.6,13.7
2005-08-08,14.6,14.1,14.2
2005-08-09,16.7,15.4,14.6
2005-08-10,17.3,15.9,16.7
2005-08-11,18.4,16.0,14.6
2005-08-12,16.6,14.3,14.8
2005-08-13,15.6,13.5,14.0
2005-08-14,15.7,15.5,14.8
2005-08-15,16.2,14.7,14.9
2005-08-16,17.4,17.5,17.3
2005-08-17,17.8,18.5,16.3
2005-08-18,19.8,16.8,15.0
2005-08-19,16.0,15.3,14.0
2005-08-20,15.8,14.8,14.0
2005-08-21,16.9,15.5,15.2
2005-08-22,15.2,16.1,15.9
2005-08-23,16.2,14.5,13.8
2005-08-24,14.7,14.3,13.8
2005-08-25,14.1,11.9,11.9
2005-08-26,14.2,12.2,11.0
2005-08-27,15.1,14.4,12.9
2005-08-28,16.7,15.9,15.7
2005-08-29,17.5,15.3,14.7
2005-08-30,18.8,16.9,15.2
2005-08-31,21.7,20.5,17.5
2005-09-01,18.7,15.6,15.0
2005-09-02,16.7,14.7,13.7
2005-09-03,18.2,16.1,14.9
2005-09-04,20.3,19.3,17.0
2005-09-05,19.5,18.4,16.0
2005-09-06,18.0,17.4,16.9
2005-09-07,18.3,16.7,15.6
2005-09-08,17.8,17.0,15.1
2005-09-09,18.8,17.0,10.7
2005-09-10,17.5,15.2,12.1
2005-09-11,17.0,14.6,13.7
2005-09-12,16.6,15.3,14.8
2005-09-13,16.1,15.6,16.0
2005-09-14,18.0,15.1,13.8
2005-09-15,16.5,12.3,11.2
2005-09-16,12.2,9.6,9.1
2005-09-17,10.7,10.4,10.3
2005-09-18,13.4,13.7,13.0
2005-09-19,15.4,14.1,13.1
2005-09-20,15.4,13.7,12.9
2005-09-21,15.3,13.7,13.7
2005-09-22,14.9,15.4,15.8
2005-09-23,14.6,13.3,13.3
2005-09-24,12.7,10.4,10.1
2005-09-25,15.4,13.6,12.1
2005-09-26,14.3,13.2,13.1
2005-09-27,16.0,13.3,11.4
2005-09-28,12.5,10.9,9.7
2005-09-29,12.0,10.6,10.1
2005-09-30,16.0,14.5,13.3
2005-10-01,12.9,10.6,10.7
2005-10-02,10.9,10.0,10.3
2005-10-03,12.0,11.5,11.5
2005-10-04,12.2,11.2,10.7
2005-10-05,14.2,11.2,10.6
2005-10-06,15.9,12.9,11.1
2005-10-07,15.2,14.3,13.8
2005-10-08,14.9,11.7,11.1
2005-10-09,10.8,10.2,10.1
2005-10-10,15.6,14.2,14.4
2005-10-11,17.4,16.4,9.7
2005-10-12,17.1,15.1,8.1
2005-10-13,14.3,11.3,9.4
2005-10-14,14.2,10.2,8.2
2005-10-15,15.3,13.9,11.3
2005-10-16,13.5,13.0,11.9
2005-10-17,13.3,13.7,12.2
2005-10-18,11.4,10.7,11.1
2005-10-19,12.7,10.8,10.9
2005-10-20,11.8,10.6,9.8
2005-10-21,13.3,10.8,9.1
2005-10-22,12.6,9.9,7.9
2005-10-23,10.8,9.4,6.8
2005-10-24,15.0,13.5,9.8
2005-10-25,14.7,12.4,10.4
2005-10-26,15.3,13.6,11.9
2005-10-27,16.6,15.8,15.3
2005-10-28,16.1,15.1,14.1
2005-10-29,14.8,14.2,12.3
2005-10-30,16.4,15.7,14.3
2005-10-31,13.3,12.2,11.5
2005-11-01,11.3,9.7,8.7
2005-11-02,15.1,13.4,10.0
2005-11-03,14.1,13.1,12.1
2005-11-04,10.3,8.6,10.1
2005-11-05,9.5,9.3,7.9
2005-11-06,12.9,11.7,9.8
2005-11-07,10.9,9.5,8.4
2005-11-08,13.7,10.5,8.0
2005-11-09,7.7,7.1,6.9
2005-11-10,11.5,11.9,10.1
2005-11-11,13.0,11.4,10.0
2005-11-12,7.7,7.0,6.8
2005-11-13,5.4,4.2,4.7
2005-11-14,3.6,6.6,10.3
2005-11-15,7.8,9.2,6.9
2005-11-16,5.5,4.1,3.0
2005-11-17,1.1,0.9,0.4
2005-11-18,0.4,-0.9,0.7
2005-11-19,1.2,-0.7,1.1
2005-11-20,-0.7,1.6,4.5
2005-11-21,0.5,1.6,4.9
2005-11-22,4.6,0.8,2.6
2005-11-23,3.0,2.5,4.8
2005-11-24,3.3,5.3,4.4
2005-11-25,0.6,0.3,2.1
2005-11-26,3.6,3.3,4.7
2005-11-27,2.9,1.1,2.6
2005-11-28,2.0,-0.9,0.9
2005-11-29,0.9,-0.1,0.7
2005-11-30,2.7,2.6,3.8
2005-12-01,7.8,7.0,7.1
2005-12-02,8.0,6.7,6.8
2005-12-03,7.2,6.2,6.5
2005-12-04,5.4,5.4,5.2
2005-12-05,4.8,5.7,4.4
2005-12-06,4.5,3.6,3.7
2005-12-07,2.9,1.7,0.4
2005-12-08,5.3,3.7,2.1
2005-12-09,2.4,4.1,5.1
2005-12-10,3.4,7.0,9.9
2005-12-11,1.3,6.6,9.1
2005-12-12,5.2,4.3,2.4
2005-12-13,3.4,2.7,5.4
2005-12-14,5.7,5.2,5.5
2005-12-15,6.5,7.9,7.9
2005-12-16,8.0,6.7,4.4
2005-12-17,0.9,-0.0,0.1
2005-12-18,-0.3,1.4,2.9
2005-12-19,4.2,5.2,5.2
2005-12-20,1.2,4.6,6.6
2005-12-21,7.0,7.0,6.7
2005-12-22,6.8,7.0,7.1
2005-12-23,6.9,8.4,9.1
2005-12-24,6.2,5.8,4.7
2005-12-25,3.3,1.5,0.4
2005-12-26,2.4,2.2,1.2
2005-12-27,0.2,0.2,1.7
2005-12-28,-1.4,-1.6,-0.8
2005-12-29,-1.9,-2.8,-1.7
2005-12-30,3.9,3.1,1.6
2005-12-31,5.6,5.1,4.8
2006-01-01,5.4,3.9,1.6
2006-01-02,4.3,2.2,3.8
2006-01-03,5.7,5.7,5.4
2006-01-04,5.0,3.1,0.3
2006-01-05,1.9,1.3,2.2
2006-01-06,2.4,1.0,1.4
2006-01-07,1.5,1.2,2.6
2006-01-08,3.3,1.9,-0.4
2006-01-09,4.7,2.1,2.2
2006-01-10,6.3,7.7,8.7
2006-01-11,6.9,6.8,5.9
2006-01-12,2.0,3.6,7.3
2006-01-13,6.0,6.4,8.4
2006-01-14,7.0,6.2,5.6
2006-01-15,7.0,5.4,5.0
2006-01-16,6.8,6.4,5.4
2006-01-17,7.0,6.1,3.9
2006-01-18,8.6,8.4,7.3
2006-01-19,8.9,8.8,10.0
2006-01-20,8.0,6.8,5.9
2006-01-21,4.8,5.5,4.8
2006-01-22,2.7,2.5,5.3
2006-01-23,1.8,1.4,5.2
2006-01-24,-1.1,0.2,5.4
2006-01-25,1.2,3.2,2.9
2006-01-26,2.7,1.8,3.0
2006-01-27,1.8,2.3,2.8
2006-01-28,1.7,2.2,3.6
2006-01-29,2.5,0.3,2.9
2006-01-30,4.3,0.3,-1.3
2006-01-31,3.4,-0.1,-0.9
2006-02-01,1.0,-0.9,0.8
2006-02-02,-0.5,0.1,2.5
2006-02-03,0.1,1.8,3.5
2006-02-04,3.0,4.2,4.8
2006-02-05,5.4,4.5,5.1
2006-02-06,4.9,5.3,7.3
2006-02-07,6.3,7.5,7.4
2006-02-08,5.7,4.8,3.0
2006-02-09,2.4,0.6,0.8
2006-02-10,1.2,0.4,-0.3
2006-02-11,1.8,2.2,3.7
2006-02-12,5.8,7.5,6.1
2006-02-13,8.1,8.3,8.2
2006-02-14,7.3,7.3,7.1
2006-02-15,8.8,7.1,5.6
2006-02-16,5.9,5.2,4.3
2006-02-17,5.6,4.6,4.1
2006-02-18,2.6,2.3,2.6
2006-02-19,4.2,3.2,3.4
2006-02-20,4.3,4.4,3.7
2006-02-21,2.9,3.0,3.2
2006-02-22,2.7,2.4,2.9
2006-02-23,1.6,2.5,4.5
2006-02-24,1.8,2.9,4.7
2006-02-25,2.5,3.5,3.5
2006-02-26,2.6,3.4,3.2
2006-02-27,3.1,2.2,2.9
2006-02-28,1.7,0.8,0.3
2006-03-01,0.0,-0.1,-0.0
2006-03-02,-0.1,-0.5,-0.4
2006-03-03,-0.2,-1.3,-0.8
2006-03-04,-0.9,-0.3,0.5
2006-03-05,1.9,1.9,1.1
2006-03-06,2.5,1.7,1.1
2006-03-07,2.6,2.1,3.3
2006-03-08,9.3,8.5,5.4
2006-03-09,8.1,6.3,4.6
2006-03-10,4.8,4.2,3.9
2006-03-11,3.4,2.0,1.9
2006-03-12,0.7,-0.7,-0.2
2006-03-13,0.8,1.3,2.6
2006-03-14,2.7,4.4,3.5
2006-03-15,3.5,3.6,3.1
2006-03-16,2.0,1.9,2.0
2006-03-17,2.4,2.4,4.2
2006-03-18,2.4,2.5,4.1
2006-03-19,3.7,3.9,3.8
2006-03-20,4.0,3.9,2.9
2006-03-21,3.1,2.2,0.4
2006-03-22,1.9,1.1,0.8
2006-03-23,3.8,2.3,3.5
2006-03-24,9.3,6.1,3.7
2006-03-25,10.7,10.4,7.1
2006-03-26,12.2,12.4,10.2
2006-03-27,11.3,11.0,9.9
2006-03-28,9.3,7.4,7.8
2006-03-29,9.2,6.7,5.1
2006-03-30,11.7,10.8,5.4
2006-03-31,11.6,10.4,5.8
2006-04-01,10.5,8.9,6.8
2006-04-02,9.5,7.5,5.1
2006-04-03,8.1,5.6,4.5
2006-04-04,4.3,3.1,3.3
2006-04-05,4.4,3.5,4.6
2006-04-06,5.4,5.5,6.2
2006-04-07,6.9,5.6,4.1
2006-04-08,7.7,4.3,4.2
2006-04-09,5.1,3.7,3.6
2006-04-10,5.0,2.5,3.2
2006-04-11,5.1,5.8,6.5
2006-04-12,8.2,8.2,7.3
2006-04-13,11.2,9.2,7.3
2006-04-14,9.2,7.4,7.2
2006-04-15,9.2,9.6,7.9
2006-04-16,10.7,8.4,7.9
2006-04-17,9.6,8.2,6.7
2006-04-18,9.5,8.2,6.4
2006-04-19,9.7,8.6,6.5
2006-04-20,10.7,8.4,7.1
2006-04-21,12.0,8.9,7.5
2006-04-22,10.2,9.5,9.4
2006-04-23,10.3,10.5,8.8
2006-04-24,10.8,9.0,8.5
2006-04-25,11.3,10.8,10.2
2006-04-26,11.9,9.5,9.6
2006-04-27,11.9,9.9,9.0
2006-04-28,9.5,9.2,8.7
2006-04-29,8.5,8.7,8.0
2006-04-30,8.2,7.9,6.6
2006-05-01,10.4,7.8,7.2
2006-05-02,10.5,9.1,8.2
2006-05-03,12.9,12.7,11.0
2006-05-04,17.4,16.4,11.8
2006-05-05,14.8,13.4,12.9
2006-05-06,11.9,12.9,10.3
2006-05-07,12.5,11.8,9.8
2006-05-08,12.1,13.3,10.9
2006-05-09,12.6,13.9,10.7
2006-05-10,14.6,14.1,11.8
2006-05-11,14.3,14.9,12.1
2006-05-12,16.1,15.1,9.3
2006-05-13,14.2,9.4,7.3
2006-05-14,12.7,10.7,8.6
2006-05-15,13.9,12.4,9.3
2006-05-16,13.7,13.7,10.3
2006-05-17,13.2,13.4,13.0
2006-05-18,14.1,13.3,12.4
2006-05-19,13.2,11.8,11.4
2006-05-20,12.6,10.7,8.8
2006-05-21,12.0,9.7,7.5
2006-05-22,12.2,9.0,7.1
2006-05-23,10.2,8.6,7.4
2006-05-24,11.2,8.9,7.7
2006-05-25,13.5,9.6,8.6
2006-05-26,14.6,11.6,8.8
2006-05-27,14.7,12.8,10.9
2006-05-28,13.5,11.0,10.3
2006-05-29,10.8,8.9,8.4
2006-05-30,9.2,8.5,8.6
2006-05-31,10.0,8.7,9.3
2006-06-01,10.6,10.6,11.8
2006-06-02,13.8,11.0,12.3
2006-06-03,15.1,11.9,12.9
2006-06-04,15.6,13.8,12.7
2006-06-05,14.5,14.5,11.9
2006-06-06,12.9,15.9,15.5
2006-06-07,17.0,16.4,14.9
2006-06-08,18.2,16.6,15.7
2006-06-09,18.1,19.1,14.6
2006-06-10,20.3,19.9,15.5
2006-06-11,20.9,20.0,17.8
2006-06-12,22.6,18.7,15.5
2006-06-13,19.6,13.6,14.1
2006-06-14,16.0,13.5,12.2
2006-06-15,14.8,14.5,14.9
2006-06-16,17.6,14.4,15.2
2006-06-17,20.1,17.9,15.9
2006-06-18,19.2,15.5,14.6
2006-06-19,17.1,15.0,14.3
2006-06-20,17.1,14.7,12.4
2006-06-21,15.9,12.7,10.9
2006-06-22,14.8,11.7,13.0
2006-06-23,15.8,13.4,12.6
2006-06-24,17.8,14.4,12.5
2006-06-25,17.4,15.6,10.8
2006-06-26,13.7,12.6,11.2
2006-06-27,14.4,12.5,13.0
2006-06-28,15.7,16.1,14.5
2006-06-29,16.8,17.1,15.8
2006-06-30,19.0,17.9,14.7
2006-07-01,20.4,20.9,17.0
2006-07-02,23.2,21.8,16.4
2006-07-03,22.5,22.0,15.0
2006-07-04,22.7,20.2,14.0
2006-07-05,20.3,20.8,16.8
2006-07-06,19.4,20.0,19.0
2006-07-07,18.8,16.7,15.3
2006-07-08,17.1,15.0,12.9
2006-07-09,17.9,16.1,15.5
2006-07-10,17.6,16.8,15.3
2006-07-11,19.3,15.7,14.0
2006-07-12,19.5,15.9,14.7
2006-07-13,17.7,16.0,14.3
2006-07-14,15.9,15.2,15.5
2006-07-15,16.8,15.7,17.0
2006-07-16,20.0,17.9,18.1
2006-07-17,22.1,20.5,19.6
2006-07-18,22.4,22.4,18.1
2006-07-19,24.8,22.6,18.4
2006-07-20,24.5,20.7,17.6
2006-07-21,23.7,20.4,19.0
2006-07-22,21.6,20.4,18.0
2006-07-23,20.5,18.8,18.1
2006-07-24,21.1,20.0,18.9
2006-07-25,22.9,23.0,20.4
2006-07-26,24.3,22.2,20.8
2006-07-27,22.2,20.2,19.7
2006-07-28,21.3,19.4,18.8
2006-07-29,20.2,19.8,18.3
2006-07-30,20.0,18.5,17.6
2006-07-31,18.8,16.8,15.3
2006-08-01,18.5,14.7,14.7
2006-08-02,17.1,14.7,14.8
2006-08-03,17.1,16.0,15.5
2006-08-04,16.6,15.0,14.9
2006-08-05,19.1,17.3,18.3
2006-08-06,21.3,18.9,17.8
2006-08-07,19.5,16.7,15.4
2006-08-08,18.0,15.4,13.6
2006-08-09,17.7,14.4,13.3
2006-08-10,16.4,14.1,14.1
2006-08-11,15.5,14.1,14.0
2006-08-12,15.7,14.9,13.7
2006-08-13,15.1,14.1,14.4
2006-08-14,15.9,14.8,15.2
2006-08-15,16.6,13.8,13.2
2006-08-16,16.0,15.5,14.6
2006-08-17,17.1,15.7,14.9
2006-08-18,16.3,14.3,14.3
2006-08-19,16.8,14.4,15.3
2006-08-20,17.0,15.3,15.2
2006-08-21,16.5,14.6,15.0
2006-08-22,16.0,15.5,14.2
2006-08-23,16.0,15.4,15.3
2006-08-24,16.0,14.0,14.1
2006-08-25,15.2,13.8,13.3
2006-08-26,16.3,14.6,13.9
2006-08-27,16.6,14.3,13.4
2006-08-28,15.5,12.7,12.5
2006-08-29,14.6,12.8,13.0
2006-08-30,14.9,13.2,12.8
2006-08-31,17.8,16.3,16.0
2006-09-01,17.3,16.5,15.3
2006-09-02,17.0,14.7,12.8
2006-09-03,20.1,16.4,13.0
2006-09-04,18.5,15.4,14.2
2006-09-05,19.9,18.5,14.8
2006-09-06,19.9,16.0,15.5
2006-09-07,16.7,13.9,13.1
2006-09-08,14.0,12.3,12.7
2006-09-09,15.3,13.6,12.4
2006-09-10,16.5,15.3,14.4
2006-09-11,19.4,18.2,16.0
2006-09-12,19.3,17.7,16.3
2006-09-13,19.1,18.3,17.0
2006-09-14,18.5,15.4,14.9
2006-09-15,17.4,15.4,14.0
2006-09-16,18.8,15.7,13.5
2006-09-17,18.9,15.8,14.2
2006-09-18,16.9,15.3,13.3
2006-09-19,15.9,13.8,12.8
2006-09-20,16.7,16.3,15.9
2006-09-21,20.9,20.2,19.2
2006-09-22,16.5,16.2,16.1
2006-09-23,17.1,16.4,14.0
2006-09-24,17.4,16.4,13.8
2006-09-25,15.6,14.8,13.6
2006-09-26,14.8,14.0,13.6
2006-09-27,15.2,14.4,15.0
2006-09-28,17.8,15.9,13.9
2006-09-29,16.4,13.9,12.8
2006-09-30,14.7,12.9,12.1
2006-10-01,14.8,13.9,12.7
2006-10-02,14.5,12.4,11.2
2006-10-03,12.3,11.9,11.3
2006-10-04,11.5,10.8,10.3
2006-10-05,12.2,12.1,11.1
2006-10-06,15.0,13.8,12.3
2006-10-07,12.6,11.8,11.1
2006-10-08,12.9,12.2,13.1
2006-10-09,16.6,12.7,12.2
2006-10-10,16.6,12.3,9.6
2006-10-11,15.9,14.7,13.8
2006-10-12,13.2,11.8,12.2
2006-10-13,13.2,11.7,12.2
2006-10-14,14.3,13.4,11.8
2006-10-15,14.3,12.3,11.6
2006-10-16,14.2,12.5,10.5
2006-10-17,14.3,13.4,11.8
2006-10-18,15.1,12.7,12.6
2006-10-19,14.7,13.8,11.5
2006-10-20,14.1,12.3,11.3
2006-10-21,13.7,12.5,11.3
2006-10-22,14.1,11.5,9.5
2006-10-23,13.0,9.4,9.0
2006-10-24,11.4,8.6,8.7
2006-10-25,12.3,9.5,9.6
2006-10-26,15.0,12.7,10.8
2006-10-27,10.0,9.9,8.2
2006-10-28,14.0,13.3,12.7
2006-10-29,13.2,11.1,10.3
2006-10-30,13.0,13.4,12.1
2006-10-31,12.2,9.9,8.1
2006-11-01,6.0,4.1,4.5
2006-11-02,4.2,3.0,4.0
2006-11-03,4.1,3.4,5.0
2006-11-04,3.9,6.4,9.2
2006-11-05,6.0,9.2,10.5
2006-11-06,4.4,8.3,10.0
2006-11-07,6.9,4.8,10.3
2006-11-08,10.7,8.7,9.0
2006-11-09,8.2,6.8,5.6
2006-11-10,7.4,7.2,8.2
2006-11-11,10.6,9.0,6.8
2006-11-12,9.5,9.0,7.4
2006-11-13,12.3,11.0,9.3
2006-11-14,12.1,9.5,6.8
2006-11-15,12.6,11.6,6.7
2006-11-16,10.4,8.7,6.9
2006-11-17,8.7,6.0,4.7
2006-11-18,5.5,4.3,3.8
2006-11-19,5.7,5.2,4.7
2006-11-20,10.3,8.0,6.1
2006-11-21,5.8,5.6,6.2
2006-11-22,6.9,6.2,4.6
2006-11-23,10.7,8.5,6.5
2006-11-24,10.4,8.2,6.7
2006-11-25,11.3,8.9,7.4
2006-11-26,10.8,8.1,7.1
2006-11-27,11.8,11.2,9.7
2006-11-28,10.7,9.5,8.3
2006-11-29,8.4,8.9,9.0
2006-11-30,8.6,9.3,10.9
2006-12-01,10.9,10.5,8.6
2006-12-02,10.0,7.7,7.1
2006-12-03,9.2,8.6,7.6
2006-12-04,10.1,8.8,7.6
2006-12-05,11.7,9.5,7.1
2006-12-06,8.1,6.8,5.0
2006-12-07,9.7,7.9,6.0
2006-12-08,6.6,5.9,4.2
2006-12-09,3.8,4.5,2.8
2006-12-10,4.6,6.1,8.2
2006-12-11,9.7,8.3,6.1
2006-12-12,7.4,7.0,6.0
2006-12-13,11.1,9.8,9.1
2006-12-14,11.4,11.9,8.7
2006-12-15,10.7,6.1,5.4
2006-12-16,5.8,4.4,4.2
2006-12-17,3.9,4.9,2.8
2006-12-18,3.8,3.7,0.7
2006-12-19,2.7,4.2,2.9
2006-12-20,1.8,3.5,3.0
2006-12-21,2.2,2.6,4.4
2006-12-22,0.1,3.2,7.2
2006-12-23,3.5,3.1,4.5
2006-12-24,5.7,2.7,0.1
2006-12-25,5.4,4.0,0.1
2006-12-26,5.3,2.9,2.1
2006-12-27,4.5,3.2,1.3
2006-12-28,9.0,7.2,2.6
2006-12-29,7.9,8.7,8.3
2006-12-30,10.6,8.5,6.4
2006-12-31,9.8,7.9,6.2
2007-01-01,6.9,5.5,4.6
2007-01-02,6.1,6.2,4.8
2007-01-03,8.5,8.8,8.4
2007-01-04,8.8,8.3,7.4
2007-01-05,8.8,7.7,7.2
2007-01-06,7.0,5.8,6.3
2007-01-07,8.9,9.1,7.2
2007-01-08,9.4,7.9,5.9
2007-01-09,12.4,10.8,8.0
2007-01-10,9.0,6.4,4.2
2007-01-11,9.6,8.4,6.2
2007-01-12,9.8,9.9,8.6
2007-01-13,11.0,9.3,7.2
2007-01-14,6.0,5.9,5.8
2007-01-15,7.4,7.6,8.0
2007-01-16,10.0,6.3,2.6
2007-01-17,9.3,6.9,3.4
2007-01-18,11.1,7.5,2.6
2007-01-19,11.7,9.3,5.8
2007-01-20,9.4,7.8,4.6
2007-01-21,5.8,3.6,2.3
2007-01-22,2.9,2.1,1.4
2007-01-23,0.8,-1.2,0.5
2007-01-24,0.3,1.5,2.3
2007-01-25,0.2,0.6,1.4
2007-01-26,2.8,5.5,4.8
2007-01-27,5.5,4.2,5.1
2007-01-28,6.2,7.2,8.7
2007-01-29,7.5,7.0,7.2
2007-01-30,6.0,4.7,6.4
2007-01-31,5.5,7.0,9.9
2007-02-01,8.0,8.0,8.7
2007-02-02,7.4,6.8,6.8
2007-02-03,3.0,2.1,4.3
2007-02-04,2.8,1.4,3.9
2007-02-05,2.7,0.0,1.2
2007-02-06,0.0,-0.3,-0.2
2007-02-07,-1.8,-1.3,-1.2
2007-02-08,1.9,0.2,1.2
2007-02-09,2.3,0.3,1.2
2007-02-10,7.0,3.2,2.8
2007-02-11,8.5,6.1,4.7
2007-02-12,7.9,5.8,4.6
2007-02-13,7.5,6.2,5.3
2007-02-14,6.8,5.7,4.7
2007-02-15,5.6,7.0,7.5
2007-02-16,7.7,7.3,7.2
2007-02-17,6.6,6.9,5.6
2007-02-18,6.8,4.4,1.9
2007-02-19,8.0,7.3,5.4
2007-02-20,9.1,8.7,7.2
2007-02-21,8.6,7.4,4.8
2007-02-22,8.1,8.3,6.9
2007-02-23,9.1,8.6,7.6
2007-02-24,8.8,7.8,6.6
2007-02-25,7.3,7.1,6.4
2007-02-26,7.0,5.5,4.2
2007-02-27,8.1,7.0,4.8
2007-02-28,9.7,7.7,6.5
2007-03-01,7.3,5.5,5.0
2007-03-02,5.9,5.4,3.4
2007-03-03,7.4,6.1,5.7
2007-03-04,7.6,6.3,5.2
2007-03-05,8.5,6.9,6.2
2007-03-06,10.2,8.7,7.4
2007-03-07,7.2,6.7,7.0
2007-03-08,7.1,6.8,6.3
2007-03-09,8.5,6.8,5.4
2007-03-10,6.9,7.7,9.2
2007-03-11,8.4,8.7,8.9
2007-03-12,10.1,8.7,6.3
2007-03-13,8.3,6.2,7.1
2007-03-14,7.9,6.5,8.2
2007-03-15,8.5,6.8,7.4
2007-03-16,8.9,5.6,6.5
2007-03-17,10.0,9.0,8.0
2007-03-18,7.2,3.9,3.3
2007-03-19,3.5,3.1,2.7
2007-03-20,3.4,2.3,1.3
2007-03-21,2.8,1.1,1.6
2007-03-22,2.3,5.6,6.7
2007-03-23,5.8,6.4,4.9
2007-03-24,5.8,5.2,4.4
2007-03-25,8.7,7.7,6.4
2007-03-26,8.5,8.3,7.3
2007-03-27,8.8,9.2,6.5
2007-03-28,8.7,8.1,6.9
2007-03-29,6.7,6.3,6.5
2007-03-30,5.8,8.1,7.4
2007-03-31,9.1,8.0,5.9
2007-04-01,9.9,7.6,5.3
2007-04-02,10.4,8.0,5.7
2007-04-03,6.6,6.4,5.8
2007-04-04,6.5,6.2,7.8
2007-04-05,8.6,6.7,8.5
2007-04-06,9.6,6.9,7.8
2007-04-07,9.1,8.6,8.2
2007-04-08,9.9,8.8,8.2
2007-04-09,11.1,9.0,10.7
2007-04-10,12.6,11.0,10.7
2007-04-11,12.9,10.7,10.5
2007-04-12,11.2,11.7,10.2
2007-04-13,12.6,10.3,9.4
2007-04-14,14.0,13.4,11.4
2007-04-15,15.0,13.6,13.0
2007-04-16,15.6,11.0,10.1
2007-04-17,12.4,8.6,8.4
2007-04-18,10.6,7.6,8.1
2007-04-19,11.9,8.6,8.8
2007-04-20,10.5,10.6,6.7
2007-04-21,12.0,13.2,11.5
2007-04-22,13.5,13.1,12.2
2007-04-23,13.6,13.7,12.6
2007-04-24,15.0,14.1,13.9
2007-04-25,14.9,13.4,12.7
2007-04-26,13.4,11.2,9.7
2007-04-27,14.1,10.5,8.3
2007-04-28,13.9,10.7,8.3
2007-04-29,14.1,11.3,8.1
2007-04-30,12.9,10.6,8.9
2007-05-01,14.0,11.9,7.8
2007-05-02,13.8,11.0,8.0
2007-05-03,10.9,10.7,8.1
2007-05-04,11.6,9.5,8.4
2007-05-05,11.0,10.7,11.0
2007-05-06,13.2,11.9,10.5
2007-05-07,14.2,11.2,9.6
2007-05-08,13.1,10.7,10.2
2007-05-09,12.4,10.4,9.6
2007-05-10,12.3,11.3,9.1
2007-05-11,12.2,10.0,7.3
2007-05-12,13.1,11.3,7.9
2007-05-13,12.4,10.8,7.7
2007-05-14,11.0,9.6,8.5
2007-05-15,10.8,10.6,8.3
2007-05-16,12.1,10.0,8.8
2007-05-17,14.8,13.3,11.0
2007-05-18,15.1,13.0,11.6
2007-05-19,12.5,11.5,10.0
2007-05-20,12.1,10.5,9.9
2007-05-21,12.5,11.9,10.7
2007-05-22,15.1,11.6,10.9
2007-05-23,16.8,13.3,12.0
2007-05-24,18.4,15.0,12.6
2007-05-25,17.0,11.6,9.4
2007-05-26,11.4,9.0,8.9
2007-05-27,10.3,8.4,8.1
2007-05-28,7.7,8.0,8.1
2007-05-29,9.7,8.5,7.8
2007-05-30,11.1,9.6,10.0
2007-05-31,13.4,12.4,12.5
2007-06-01,15.0,14.9,12.2
2007-06-02,16.3,16.9,15.5
2007-06-03,16.8,16.2,14.2
2007-06-04,15.4,14.8,12.4
2007-06-05,15.0,13.2,11.3
2007-06-06,14.0,12.9,11.5
2007-06-07,15.5,13.4,12.2
2007-06-08,15.2,15.9,14.5
2007-06-09,17.8,16.9,15.1
2007-06-10,17.5,17.7,14.4
2007-06-11,16.9,18.3,15.8
2007-06-12,18.8,16.5,12.0
2007-06-13,17.2,15.3,9.8
2007-06-14,17.2,11.7,9.5
2007-06-15,16.1,11.5,10.7
2007-06-16,15.4,13.1,10.9
2007-06-17,15.8,13.8,13.2
2007-06-18,15.7,15.6,12.4
2007-06-19,17.4,16.5,12.9
2007-06-20,16.7,16.4,14.6
2007-06-21,15.9,15.5,14.2
2007-06-22,15.6,15.0,13.5
2007-06-23,15.8,13.9,13.3
2007-06-24,13.5,13.7,11.5
2007-06-25,13.5,11.9,11.2
2007-06-26,12.6,10.7,10.7
2007-06-27,12.7,11.5,10.6
2007-06-28,13.5,11.8,10.2
2007-06-29,16.0,13.3,12.0
2007-06-30,15.4,13.9,11.7
2007-07-01,16.3,15.5,14.6
2007-07-02,15.7,14.6,14.2
2007-07-03,14.9,13.4,14.2
2007-07-04,14.9,13.5,14.7
2007-07-05,15.6,14.3,14.0
2007-07-06,15.5,13.3,13.4
2007-07-07,15.3,13.6,13.5
2007-07-08,14.8,13.3,13.1
2007-07-09,14.6,13.1,13.6
2007-07-10,14.5,13.1,13.7
2007-07-11,15.8,13.7,14.4
2007-07-12,16.4,15.4,14.1
2007-07-13,17.7,15.1,13.4
2007-07-14,17.5,15.5,14.7
2007-07-15,18.6,13.9,14.0
2007-07-16,18.2,16.9,15.1
2007-07-17,16.5,15.4,15.3
2007-07-18,17.0,15.0,13.5
2007-07-19,16.9,15.4,12.1
2007-07-20,15.8,14.0,12.0
2007-07-21,15.0,11.8,11.3
2007-07-22,15.2,12.9,12.5
2007-07-23,15.4,14.1,13.5
2007-07-24,16.1,13.8,14.2
2007-07-25,15.6,14.3,14.9
2007-07-26,16.2,14.3,13.9
2007-07-27,16.6,15.0,13.6
2007-07-28,16.9,14.1,13.2
2007-07-29,14.9,12.8,12.1
2007-07-30,14.0,13.0,12.4
2007-07-31,15.2,14.3,14.1
2007-08-01,16.9,14.7,14.8
2007-08-02,16.3,14.4,13.8
2007-08-03,16.9,15.8,15.2
2007-08-04,18.2,18.3,16.3
2007-08-05,20.2,19.0,12.8
2007-08-06,17.3,14.9,13.4
2007-08-07,15.6,12.9,12.0
2007-08-08,15.3,13.0,12.9
2007-08-09,15.0,14.9,13.7
2007-08-10,15.8,15.6,14.5
2007-08-11,17.1,17.0,14.2
2007-08-12,16.4,14.3,13.8
2007-08-13,15.6,14.4,12.6
2007-08-14,16.5,15.3,12.4
2007-08-15,17.7,14.8,13.4
2007-08-16,14.6,12.3,11.8
2007-08-17,14.5,13.3,12.4
2007-08-18,15.7,14.3,13.0
2007-08-19,15.6,14.2,12.7
2007-08-20,13.9,13.0,12.1
2007-08-21,15.8,14.5,14.4
2007-08-22,15.9,15.2,13.6
2007-08-23,16.2,15.1,13.9
2007-08-24,17.4,14.4,15.3
2007-08-25,18.1,15.4,14.9
2007-08-26,17.4,13.8,13.3
2007-08-27,15.5,12.7,13.1
2007-08-28,15.5,13.5,12.8
2007-08-29,15.3,12.6,12.3
2007-08-30,15.5,14.5,14.6
2007-08-31,15.9,14.5,14.5
2007-09-01,17.3,14.6,13.7
2007-09-02,17.2,14.4,13.9
2007-09-03,15.0,12.9,11.4
2007-09-04,13.1,11.3,11.5
2007-09-05,16.4,15.2,16.0
2007-09-06,17.9,16.0,15.5
2007-09-07,17.5,13.8,14.7
2007-09-08,15.6,14.1,15.2
2007-09-09,16.8,14.0,13.8
2007-09-10,15.3,13.9,13.4
2007-09-11,13.6,12.7,12.8
2007-09-12,15.2,15.0,15.0
2007-09-13,15.7,14.7,14.6
2007-09-14,15.7,13.9,12.6
2007-09-15,13.7,12.3,11.5
2007-09-16,14.6,13.5,13.1
2007-09-17,13.5,10.3,8.9
2007-09-18,10.3,8.3,7.9
2007-09-19,13.3,13.1,12.0
2007-09-20,16.1,14.7,11.6
2007-09-21,16.4,13.3,11.2
2007-09-22,16.0,12.9,12.4
2007-09-23,15.9,15.0,14.6
2007-09-24,14.7,12.6,11.4
2007-09-25,12.0,11.6,9.9
2007-09-26,9.9,8.0,7.0
2007-09-27,11.1,8.4,7.1
2007-09-28,12.1,11.6,9.1
2007-09-29,13.4,11.7,10.0
2007-09-30,11.4,9.2,9.6
2007-10-01,13.3,11.0,10.7
2007-10-02,14.2,11.3,9.6
2007-10-03,14.1,12.7,11.6
2007-10-04,13.0,11.0,11.5
2007-10-05,11.2,9.9,10.2
2007-10-06,12.5,10.9,11.9
2007-10-07,11.9,11.2,10.8
2007-10-08,12.8,11.5,10.2
2007-10-09,11.5,11.8,10.3
2007-10-10,12.9,12.0,10.8
2007-10-11,10.6,12.4,14.1
2007-10-12,14.4,14.4,13.7
2007-10-13,14.5,15.4,13.5
2007-10-14,12.9,14.1,12.6
2007-10-15,12.7,13.6,11.9
2007-10-16,14.2,11.2,10.2
2007-10-17,11.8,8.3,8.0
2007-10-18,8.3,7.0,5.0
2007-10-19,8.2,7.2,8.1
2007-10-20,8.4,7.5,9.9
2007-10-21,7.2,7.4,9.5
2007-10-22,7.8,8.2,10.0
2007-10-23,6.6,7.5,7.2
2007-10-24,9.3,7.0,5.8
2007-10-25,10.1,8.3,6.6
2007-10-26,10.1,8.5,9.7
2007-10-27,11.5,12.7,11.0
2007-10-28,13.5,12.6,10.7
2007-10-29,9.7,8.3,7.3
2007-10-30,8.2,9.5,8.5
2007-10-31,9.4,11.3,12.2
2007-11-01,10.3,12.0,13.4
2007-11-02,10.8,11.6,13.1
2007-11-03,10.1,10.4,9.3
2007-11-04,9.5,6.5,7.0
2007-11-05,8.8,8.6,8.8
2007-11-06,7.5,8.5,7.6
2007-11-07,9.5,10.6,10.6
2007-11-08,9.7,8.7,7.7
2007-11-09,6.9,7.0,5.6
2007-11-10,10.2,10.4,10.4
2007-11-11,8.8,7.2,5.6
2007-11-12,2.7,1.9,2.1
2007-11-13,5.8,7.0,6.0
2007-11-14,5.2,4.7,5.1
2007-11-15,2.8,1.6,3.3
2007-11-16,2.3,3.3,6.9
2007-11-17,3.9,5.9,8.7
2007-11-18,4.5,3.3,5.4
2007-11-19,7.5,5.1,6.9
2007-11-20,7.9,7.0,6.9
2007-11-21,9.1,7.9,7.0
2007-11-22,7.9,6.1,4.3
2007-11-23,3.8,0.7,1.0
2007-11-24,2.5,4.5,5.9
2007-11-25,7.7,7.2,4.0
2007-11-26,5.1,6.0,3.8
2007-11-27,7.3,7.1,7.8
2007-11-28,8.9,8.3,8.4
2007-11-29,7.5,6.8,5.6
2007-11-30,9.9,10.3,8.2
2007-12-01,7.7,6.5,5.4
2007-12-02,8.7,7.2,4.8
2007-12-03,6.9,5.7,3.8
2007-12-04,8.8,8.8,7.8
2007-12-05,11.5,10.7,9.9
2007-12-06,11.8,10.4,7.9
2007-12-07,8.5,6.2,5.2
2007-12-08,6.4,5.0,2.5
2007-12-09,6.4,4.7,4.6
2007-12-10,5.2,2.6,2.2
2007-12-11,1.2,1.5,1.6
2007-12-12,0.2,1.6,5.2
2007-12-13,1.4,1.8,5.7
2007-12-14,2.9,0.4,5.1
2007-12-15,2.2,0.8,3.2
2007-12-16,0.6,-0.3,0.1
2007-12-17,2.5,1.3,0.6
2007-12-18,2.6,2.6,2.9
2007-12-19,1.5,3.1,1.3
2007-12-20,-0.3,0.9,0.5
2007-12-21,0.6,-0.3,-1.3
2007-12-22,2.7,2.7,0.5
2007-12-23,1.7,1.8,3.6
2007-12-24,6.6,6.5,5.4
2007-12-25,6.8,3.1,0.9
2007-12-26,5.1,5.9,6.8
2007-12-27,9.8,10.5,8.1
2007-12-28,9.3,9.7,8.4
2007-12-29,7.0,5.4,3.6
2007-12-30,5.1,6.2,1.8
2007-12-31,4.8,5.6,6.9
2008-01-01,5.9,7.5,7.3
2008-01-02,3.3,3.7,5.2
2008-01-03,1.7,0.3,1.6
2008-01-04,5.5,3.7,2.3
2008-01-05,6.1,5.3,5.0
2008-01-06,4.3,4.3,4.3
2008-01-07,7.0,5.1,2.6
2008-01-08,7.6,6.2,3.5
2008-01-09,6.1,4.3,3.0
2008-01-10,9.3,7.2,2.7
2008-01-11,6.9,2.2,1.9
2008-01-12,4.4,3.3,-1.3
2008-01-13,8.7,8.7,7.4
2008-01-14,8.0,6.7,5.3
2008-01-15,9.1,6.5,4.0
2008-01-16,4.6,4.4,1.9
2008-01-17,5.9,5.9,2.1
2008-01-18,9.8,9.3,7.4
2008-01-19,12.8,8.5,5.0
2008-01-20,12.1,10.3,5.1
2008-01-21,10.3,7.6,2.6
2008-01-22,5.4,3.3,2.8
2008-01-23,9.9,10.1,9.3
2008-01-24,8.2,6.4,3.8
2008-01-25,6.5,8.4,8.5
2008-01-26,7.0,7.8,7.9
2008-01-27,6.0,7.7,9.5
2008-01-28,3.6,5.4,8.2
2008-01-29,6.7,7.6,6.2
2008-01-30,5.0,4.2,3.4
2008-01-31,6.2,4.7,3.6
2008-02-01,4.0,2.6,1.8
2008-02-02,2.3,2.5,0.6
2008-02-03,5.5,5.5,5.8
2008-02-04,5.8,4.4,4.1
2008-02-05,9.4,7.5,4.0
2008-02-06,6.6,5.3,3.7
2008-02-07,6.0,8.5,9.2
2008-02-08,6.1,7.6,9.4
2008-02-09,5.5,6.3,9.1
2008-02-10,4.3,4.3,6.5
2008-02-11,3.7,4.1,4.1
2008-02-12,4.4,4.5,3.2
2008-02-13,2.8,4.0,2.2
2008-02-14,3.4,3.4,3.6
2008-02-15,3.9,2.9,2.8
2008-02-16,1.0,-0.3,1.3
2008-02-17,0.5,-1.4,3.1
2008-02-18,0.5,-0.3,2.3
2008-02-19,1.2,-0.3,1.4
2008-02-20,2.6,0.7,3.0
2008-02-21,7.6,7.8,8.4
2008-02-22,10.2,9.7,6.7
2008-02-23,8.5,7.7,8.6
2008-02-24,9.2,7.3,6.8
2008-02-25,5.6,4.8,5.8
2008-02-26,9.5,8.1,6.7
2008-02-27,6.7,6.1,5.3
2008-02-28,6.4,5.1,5.6
2008-02-29,6.2,6.5,6.1
2008-03-01,9.5,7.7,6.1
2008-03-02,9.9,7.7,5.8
2008-03-03,4.8,3.0,1.9
2008-03-04,3.1,1.9,2.3
2008-03-05,3.2,3.0,5.5
2008-03-06,7.3,8.0,8.9
2008-03-07,7.3,6.2,5.5
2008-03-08,7.1,7.5,6.7
2008-03-09,7.1,4.8,4.0
2008-03-10,6.6,4.8,3.5
2008-03-11,8.2,6.0,4.9
2008-03-12,7.4,5.7,4.6
2008-03-13,7.1,7.0,4.6
2008-03-14,8.3,6.1,6.0
2008-03-15,10.3,8.1,5.3
2008-03-16,7.5,5.9,5.5
2008-03-17,5.0,3.8,2.9
2008-03-18,3.3,2.4,3.0
2008-03-19,3.6,2.9,4.0
2008-03-20,5.1,5.8,7.0
2008-03-21,6.0,4.7,3.4
2008-03-22,3.0,3.0,2.7
2008-03-23,1.2,2.5,2.6
2008-03-24,2.0,1.7,1.1
2008-03-25,3.0,2.4,1.9
2008-03-26,5.8,3.8,1.7
2008-03-27,6.0,3.4,4.6
2008-03-28,6.6,5.7,5.1
2008-03-29,8.0,6.3,5.8
2008-03-30,9.4,7.6,6.1
2008-03-31,7.6,7.4,6.5
2008-04-01,9.9,9.6,7.9
2008-04-02,9.7,8.1,8.6
2008-04-03,11.1,10.0,10.4
2008-04-04,11.9,8.8,8.5
2008-04-05,7.4,5.4,4.0
2008-04-06,2.2,1.7,2.1
2008-04-07,3.3,3.5,3.5
2008-04-08,3.8,3.1,3.4
2008-04-09,4.8,4.0,4.0
2008-04-10,5.6,4.9,4.4
2008-04-11,7.0,4.5,4.8
2008-04-12,7.6,5.0,4.7
2008-04-13,6.8,5.6,4.7
2008-04-14,6.4,4.8,4.7
2008-04-15,5.8,4.1,4.6
2008-04-16,6.3,4.9,4.2
2008-04-17,5.9,4.7,4.9
2008-04-18,7.5,6.1,6.0
2008-04-19,7.6,6.5,5.5
2008-04-20,10.4,7.3,6.3
2008-04-21,10.4,7.9,6.6
2008-04-22,10.4,9.2,6.9
2008-04-23,10.0,10.1,8.0
2008-04-24,10.0,8.8,7.9
2008-04-25,10.7,9.7,9.3
2008-04-26,13.5,12.0,10.8
2008-04-27,13.8,11.3,9.4
2008-04-28,10.6,7.9,8.3
2008-04-29,8.7,7.7,7.3
2008-04-30,8.3,8.3,7.7
2008-05-01,9.8,8.7,8.6
2008-05-02,10.1,9.3,9.5
2008-05-03,12.8,13.4,10.9
2008-05-04,16.1,15.2,13.4
2008-05-05,15.4,14.1,12.2
2008-05-06,15.0,14.8,11.9
2008-05-07,16.4,15.0,11.7
2008-05-08,17.4,15.8,11.6
2008-05-09,17.7,16.8,11.6
2008-05-10,18.3,17.2,13.8
2008-05-11,17.5,17.9,11.6
2008-05-12,16.7,15.2,10.5
2008-05-13,15.0,12.2,8.7
2008-05-14,14.4,10.9,8.1
2008-05-15,12.7,10.4,9.1
2008-05-16,12.0,10.2,10.5
2008-05-17,10.8,10.2,8.4
2008-05-18,10.6,9.6,7.9
2008-05-19,9.1,8.9,8.4
2008-05-20,9.7,9.1,9.1
2008-05-21,11.9,11.0,9.2
2008-05-22,14.6,13.5,10.6
2008-05-23,15.2,14.2,10.5
2008-05-24,15.6,11.9,9.7
2008-05-25,13.8,12.5,10.7
2008-05-26,12.2,11.9,10.1
2008-05-27,14.3,11.1,10.2
2008-05-28,14.8,12.5,11.3
2008-05-29,14.7,14.9,14.3
2008-05-30,15.1,14.6,13.5
2008-05-31,16.6,15.4,15.1
2008-06-01,15.0,13.6,12.6
2008-06-02,15.6,15.8,13.0
2008-06-03,14.1,13.3,13.3
2008-06-04,14.7,13.7,13.8
2008-06-05,14.7,14.3,12.9
2008-06-06,13.7,12.6,13.7
2008-06-07,14.8,13.1,14.6
2008-06-08,17.5,14.6,15.0
2008-06-09,18.2,16.3,15.5
2008-06-10,17.5,13.8,12.9
2008-06-11,14.8,12.4,12.1
2008-06-12,12.7,11.6,11.1
2008-06-13,12.8,11.2,10.7
2008-06-14,13.1,11.2,10.2
2008-06-15,12.8,11.0,10.9
2008-06-16,12.7,11.6,11.3
2008-06-17,14.2,11.9,11.8
2008-06-18,14.4,13.2,12.7
2008-06-19,15.8,13.5,12.0
2008-06-20,14.8,12.6,11.3
2008-06-21,16.2,11.3,10.4
2008-06-22,17.0,14.6,12.9
2008-06-23,15.4,12.8,11.5
2008-06-24,16.0,14.2,11.0
2008-06-25,16.7,15.5,13.2
2008-06-26,15.6,13.2,13.0
2008-06-27,16.7,13.7,13.3
2008-06-28,18.0,15.6,14.5
2008-06-29,16.2,14.5,13.1
2008-06-30,15.6,15.2,13.7
2008-07-01,18.5,17.7,16.8
2008-07-02,16.0,15.4,15.3
2008-07-03,15.3,14.8,14.2
2008-07-04,15.5,14.6,14.6
2008-07-05,17.3,15.4,13.1
2008-07-06,15.5,14.1,12.9
2008-07-07,15.2,13.1,13.6
2008-07-08,15.3,13.0,13.7
2008-07-09,14.4,13.8,13.2
2008-07-10,16.6,15.1,12.4
2008-07-11,15.4,13.3,12.6
2008-07-12,13.6,12.2,12.3
2008-07-13,14.6,13.8,13.3
2008-07-14,17.1,15.2,15.6
2008-07-15,19.3,16.4,14.9
2008-07-16,17.2,13.7,13.2
2008-07-17,15.6,12.7,13.1
2008-07-18,16.3,14.3,13.0
2008-07-19,16.9,13.6,13.3
2008-07-20,14.2,12.3,11.9
2008-07-21,14.9,12.5,13.1
2008-07-22,16.7,15.0,16.2
2008-07-23,19.4,18.7,18.0
2008-07-24,19.7,18.2,16.7
2008-07-25,20.0,19.1,16.1
2008-07-26,20.2,17.8,16.5
2008-07-27,21.5,18.5,17.4
2008-07-28,21.1,19.9,15.9
2008-07-29,18.4,17.9,16.7
2008-07-30,19.3,17.6,17.4
2008-07-31,20.5,18.3,17.5
2008-08-01,17.9,17.0,15.9
2008-08-02,17.8,16.2,15.2
2008-08-03,17.1,15.3,14.5
2008-08-04,16.3,14.9,15.1
2008-08-05,15.9,14.8,13.7
2008-08-06,19.4,18.1,12.8
2008-08-07,18.4,17.3,12.6
2008-08-08,16.9,14.4,12.8
2008-08-09,15.7,14.1,13.5
2008-08-10,17.5,15.9,14.4
2008-08-11,16.2,15.1,14.0
2008-08-12,15.8,13.4,13.3
2008-08-13,14.7,13.4,14.5
2008-08-14,14.6,13.5,13.2
2008-08-15,14.7,13.5,14.1
2008-08-16,16.0,14.8,14.5
2008-08-17,16.5,14.9,14.9
2008-08-18,16.5,15.0,13.2
2008-08-19,16.4,15.0,14.9
2008-08-20,16.7,15.0,14.2
2008-08-21,16.9,14.8,14.2
2008-08-22,15.2,13.1,12.3
2008-08-23,14.6,13.8,12.8
2008-08-24,16.2,15.2,14.8
2008-08-25,17.0,16.3,15.0
2008-08-26,17.6,16.8,14.5
2008-08-27,17.3,16.2,15.5
2008-08-28,18.3,16.3,15.6
2008-08-29,18.9,18.0,16.4
2008-08-30,19.2,19.0,17.3
2008-08-31,17.1,16.6,16.3
2008-09-01,15.7,13.9,12.8
2008-09-02,15.5,13.0,11.8
2008-09-03,14.2,11.9,10.9
2008-09-04,14.2,11.7,11.1
2008-09-05,14.7,11.9,11.2
2008-09-06,14.7,14.3,12.3
2008-09-07,14.5,14.2,12.3
2008-09-08,14.1,13.8,12.7
2008-09-09,15.8,13.5,12.4
2008-09-10,15.9,14.4,13.4
2008-09-11,16.4,16.3,15.8
2008-09-12,12.9,13.3,14.2
2008-09-13,13.0,14.5,14.6
2008-09-14,13.1,14.0,13.2
2008-09-15,12.9,13.2,12.6
2008-09-16,13.1,12.5,11.9
2008-09-17,13.3,12.5,12.2
2008-09-18,12.7,12.5,12.5
2008-09-19,12.1,13.8,13.4
2008-09-20,12.8,13.8,15.0
2008-09-21,12.3,13.5,14.1
2008-09-22,12.5,12.9,11.7
2008-09-23,12.9,11.4,10.7
2008-09-24,14.3,12.6,11.5
2008-09-25,14.4,14.2,11.6
2008-09-26,13.5,11.5,12.0
2008-09-27,12.0,11.2,12.4
2008-09-28,11.8,11.0,8.8
2008-09-29,12.1,10.3,10.1
2008-09-30,12.8,10.9,8.8
2008-10-01,12.3,9.4,8.4
2008-10-02,9.1,7.8,6.8
2008-10-03,8.0,6.4,6.0
2008-10-04,9.1,9.0,7.4
2008-10-05,12.4,9.5,7.2
2008-10-06,10.6,9.1,8.9
2008-10-07,14.3,13.5,12.2
2008-10-08,11.2,10.6,10.5
2008-10-09,11.3,9.8,11.1
2008-10-10,12.7,13.5,13.8
2008-10-11,12.3,13.6,11.4
2008-10-12,13.4,13.6,10.3
2008-10-13,14.7,13.4,11.6
2008-10-14,13.0,12.6,8.9
2008-10-15,13.7,10.9,8.4
2008-10-16,9.9,8.6,7.8
2008-10-17,8.6,8.7,8.2
2008-10-18,10.1,10.1,9.5
2008-10-19,11.1,11.9,11.4
2008-10-20,12.7,12.5,10.4
2008-10-21,9.0,7.6,6.4
2008-10-22,7.4,8.0,7.6
2008-10-23,11.1,11.2,11.2
2008-10-24,10.7,9.2,7.8
2008-10-25,8.9,8.9,10.4
2008-10-26,12.5,10.4,7.1
2008-10-27,6.6,5.7,4.7
2008-10-28,3.9,1.9,1.7
2008-10-29,2.4,1.5,2.9
2008-10-30,4.1,3.3,3.9
2008-10-31,4.4,3.4,4.7
2008-11-01,6.1,4.8,3.9
2008-11-02,8.6,6.7,4.0
2008-11-03,9.3,7.5,1.5
2008-11-04,10.0,8.3,4.9
2008-11-05,9.7,8.4,6.2
2008-11-06,9.7,8.3,7.9
2008-11-07,9.5,8.2,8.2
2008-11-08,10.3,9.0,8.3
2008-11-09,9.2,6.5,4.9
2008-11-10,9.5,6.0,5.8
2008-11-11,7.9,7.1,7.3
2008-11-12,6.6,7.1,6.1
2008-11-13,6.7,8.6,9.0
2008-11-14,10.6,10.3,11.3
2008-11-15,11.3,9.8,9.0
2008-11-16,10.6,7.6,5.3
2008-11-17,6.2,6.1,5.2
2008-11-18,8.3,8.5,7.8
2008-11-19,8.4,8.9,9.3
2008-11-20,9.8,9.3,7.7
2008-11-21,7.7,6.0,3.3
2008-11-22,2.1,1.5,0.2
2008-11-23,1.9,2.6,2.6
2008-11-24,3.6,3.5,3.5
2008-11-25,3.1,1.8,3.6
2008-11-26,4.6,7.9,8.8
2008-11-27,8.2,6.4,6.0
2008-11-28,4.7,1.8,2.2
2008-11-29,3.4,-0.7,0.4
2008-11-30,4.5,-1.7,-2.6
2008-12-01,2.9,-1.2,0.7
2008-12-02,1.6,0.7,0.6
2008-12-03,-0.3,-0.8,-0.7
2008-12-04,4.4,2.6,1.9
2008-12-05,3.4,3.6,3.1
2008-12-06,2.9,1.1,-0.0
2008-12-07,0.2,-0.7,2.9
2008-12-08,3.5,3.8,3.9
2008-12-09,2.7,0.9,1.5
2008-12-10,0.3,-0.6,1.6
2008-12-11,0.1,-0.8,0.4
2008-12-12,2.5,2.9,3.2
2008-12-13,5.1,5.5,5.2
2008-12-14,3.5,2.3,2.6
2008-12-15,3.8,0.6,3.8
2008-12-16,2.8,5.2,7.4
2008-12-17,4.5,4.8,5.5
2008-12-18,7.8,8.4,7.2
2008-12-19,6.1,6.1,5.2
2008-12-20,10.9,8.6,5.6
2008-12-21,10.0,10.2,9.8
2008-12-22,10.5,9.0,8.2
2008-12-23,8.8,6.8,6.7
2008-12-24,6.4,4.8,7.3
2008-12-25,5.7,4.7,4.6
2008-12-26,2.8,2.3,3.5
2008-12-27,1.7,1.2,1.0
2008-12-28,1.7,2.1,2.0
2008-12-29,0.8,0.8,2.0
2008-12-30,-0.3,-1.3,-1.2
2008-12-31,0.2,-2.9,-2.1
2009-01-01,0.9,-2.4,0.4
2009-01-02,1.0,-0.0,0.8
2009-01-03,-1.1,-1.1,-0.9
2009-01-04,-1.5,-0.6,1.6
2009-01-05,0.1,-0.2,-0.1
2009-01-06,-2.2,-2.9,0.0
2009-01-07,-0.8,1.1,2.5
2009-01-08,0.6,1.4,3.7
2009-01-09,-1.0,-0.5,2.8
2009-01-10,-2.3,0.0,5.2
2009-01-11,4.2,7.2,9.2
2009-01-12,7.9,8.7,7.5
2009-01-13,6.4,4.9,3.7
2009-01-14,1.3,2.5,1.6
2009-01-15,4.7,6.3,6.6
2009-01-16,6.6,6.8,6.9
2009-01-17,8.0,6.6,5.3
2009-01-18,5.2,3.7,2.8
2009-01-19,4.4,2.2,1.6
2009-01-20,2.8,2.4,2.1
2009-01-21,1.7,2.7,2.5
2009-01-22,6.4,5.4,4.3
2009-01-23,4.3,3.1,2.5
2009-01-24,1.4,2.8,2.3
2009-01-25,6.1,5.1,3.4
2009-01-26,4.6,4.2,1.8
2009-01-27,3.7,4.6,5.0
2009-01-28,5.3,4.7,3.4
2009-01-29,2.7,3.9,3.1
2009-01-30,2.7,3.5,4.9
2009-01-31,2.5,3.0,4.6
2009-02-01,-0.1,0.3,2.2
2009-02-02,-0.6,-0.0,0.9
2009-02-03,-1.9,0.6,2.0
2009-02-04,-1.4,0.7,-1.4
2009-02-05,2.8,0.0,0.2
2009-02-06,1.3,-0.8,-1.2
2009-02-07,-0.4,-0.7,-0.3
2009-02-08,0.1,-0.2,-3.9
2009-02-09,2.1,1.6,-0.4
2009-02-10,2.2,1.0,-0.6
2009-02-11,1.3,0.5,-1.3
2009-02-12,0.3,0.5,-0.4
2009-02-13,2.8,2.6,0.9
2009-02-14,0.5,2.2,3.5
2009-02-15,4.4,5.3,6.4
2009-02-16,6.9,6.3,7.9
2009-02-17,8.2,6.7,9.1
2009-02-18,7.5,6.0,6.7
2009-02-19,6.7,3.8,6.0
2009-02-20,5.8,4.2,3.4
2009-02-21,6.2,5.6,7.9
2009-02-22,6.7,7.1,7.5
2009-02-23,7.3,6.6,8.7
2009-02-24,8.3,6.1,7.2
2009-02-25,8.0,6.5,6.7
2009-02-26,7.1,6.5,7.2
2009-02-27,8.3,7.6,8.5
2009-02-28,6.5,6.9,7.7
2009-03-01,5.5,5.7,5.9
2009-03-02,5.1,5.9,4.9
2009-03-03,7.3,5.9,4.0
2009-03-04,4.3,1.8,1.7
2009-03-05,2.3,1.3,0.3
2009-03-06,3.7,3.1,3.4
2009-03-07,7.8,7.8,7.1
2009-03-08,7.0,4.5,3.3
2009-03-09,5.8,5.0,4.5
2009-03-10,7.6,5.5,4.3
2009-03-11,6.5,6.3,5.2
2009-03-12,9.9,8.4,7.5
2009-03-13,7.7,6.7,7.0
2009-03-14,8.9,8.1,7.9
2009-03-15,7.7,7.1,8.1
2009-03-16,8.5,6.2,7.4
2009-03-17,7.2,7.4,6.1
2009-03-18,7.2,6.9,7.8
2009-03-19,5.8,6.2,6.3
2009-03-20,6.1,5.6,6.8
2009-03-21,7.0,6.6,6.7
2009-03-22,8.9,6.7,8.4
2009-03-23,7.2,6.5,6.2
2009-03-24,6.5,5.1,4.2
2009-03-25,8.4,7.1,6.9
2009-03-26,8.1,6.6,5.5
2009-03-27,5.9,5.0,5.4
2009-03-28,4.8,4.9,3.4
2009-03-29,3.8,3.3,3.7
2009-03-30,6.0,6.9,8.5
2009-03-31,8.8,7.8,9.4
2009-04-01,8.8,10.1,9.5
2009-04-02,9.1,7.4,9.5
2009-04-03,7.8,8.0,8.6
2009-04-04,10.0,8.4,7.2
2009-04-05,8.5,6.9,7.6
2009-04-06,10.8,9.1,7.5
2009-04-07,9.6,8.5,8.0
2009-04-08,10.2,8.6,7.5
2009-04-09,11.5,10.4,9.3
2009-04-10,11.5,9.9,9.8
2009-04-11,10.4,7.9,8.0
2009-04-12,11.0,8.9,7.3
2009-04-13,11.0,10.0,6.9
2009-04-14,11.6,10.7,7.3
2009-04-15,13.4,10.2,7.1
2009-04-16,12.6,9.9,7.9
2009-04-17,9.6,9.3,6.4
2009-04-18,9.1,8.0,6.0
2009-04-19,9.5,8.2,8.3
2009-04-20,9.9,10.1,9.9
2009-04-21,11.5,9.6,9.1
2009-04-22,11.5,9.7,9.1
2009-04-23,11.3,11.9,10.2
2009-04-24,12.2,12.7,11.9
2009-04-25,10.9,11.2,9.9
2009-04-26,9.8,9.5,8.8
2009-04-27,7.7,7.2,7.6
2009-04-28,7.8,7.3,8.7
2009-04-29,9.5,9.6,9.4
2009-04-30,11.9,11.4,10.4
2009-05-01,13.1,11.5,9.0
2009-05-02,11.9,9.8,9.0
2009-05-03,10.7,7.9,7.9
2009-05-04,8.8,8.5,8.4
2009-05-05,13.3,11.4,9.2
2009-05-06,13.3,12.2,9.1
2009-05-07,12.0,10.6,8.7
2009-05-08,11.2,9.7,7.8
2009-05-09,10.8,9.0,7.1
2009-05-10,11.8,9.8,8.1
2009-05-11,10.4,8.5,7.5
2009-05-12,10.9,8.5,7.1
2009-05-13,13.1,9.7,8.3
2009-05-14,14.0,11.0,9.5
2009-05-15,12.4,10.2,8.6
2009-05-16,11.3,10.3,10.5
2009-05-17,11.1,9.9,9.0
2009-05-18,12.1,10.8,10.2
2009-05-19,12.5,10.5,10.8
2009-05-20,12.5,11.0,10.9
2009-05-21,12.2,10.9,10.2
2009-05-22,12.1,10.4,10.7
2009-05-23,14.1,12.9,10.8
2009-05-24,14.7,12.4,11.4
2009-05-25,15.7,14.3,13.6
2009-05-26,13.2,10.6,10.2
2009-05-27,11.4,12.0,11.0
2009-05-28,16.6,14.3,13.2
2009-05-29,16.0,16.2,15.1
2009-05-30,15.2,14.7,15.9
2009-05-31,16.4,15.3,14.3
2009-06-01,17.3,16.7,16.8
2009-06-02,16.7,16.8,13.1
2009-06-03,14.2,12.3,10.6
2009-06-04,12.3,10.9,9.1
2009-06-05,10.9,9.9,8.5
2009-06-06,11.8,9.0,8.6
2009-06-07,12.4,10.4,8.7
2009-06-08,11.8,10.9,9.2
2009-06-09,12.7,11.1,9.6
2009-06-10,13.0,12.0,10.4
2009-06-11,13.5,10.6,10.4
2009-06-12,13.8,12.3,11.1
2009-06-13,16.3,15.1,13.0
2009-06-14,16.8,14.7,13.0
2009-06-15,15.9,14.1,12.0
2009-06-16,15.6,14.6,13.6
2009-06-17,15.8,13.2,12.4
2009-06-18,14.7,12.7,11.2
2009-06-19,14.2,12.1,11.9
2009-06-20,14.3,12.6,13.1
2009-06-21,14.6,12.6,13.2
2009-06-22,16.1,15.1,15.5
2009-06-23,16.6,17.8,16.7
2009-06-24,16.3,15.4,14.6
2009-06-25,18.0,15.9,14.0
2009-06-26,17.5,17.4,14.9
2009-06-27,18.6,18.1,15.1
2009-06-28,19.8,18.7,14.6
2009-06-29,20.7,20.1,16.1
2009-06-30,20.5,20.7,16.8
2009-07-01,19.6,22.2,19.4
2009-07-02,20.6,21.6,20.5
2009-07-03,20.0,17.9,17.4
2009-07-04,18.6,17.0,17.0
2009-07-05,18.3,17.2,16.6
2009-07-06,16.6,15.1,14.6
2009-07-07,16.0,14.5,14.9
2009-07-08,15.4,14.2,13.6
2009-07-09,15.2,13.4,13.5
2009-07-10,15.5,13.5,13.7
2009-07-11,15.9,15.1,13.3
2009-07-12,17.9,15.7,15.0
2009-07-13,16.7,15.2,15.1
2009-07-14,17.2,15.3,15.3
2009-07-15,18.0,15.4,15.4
2009-07-16,17.6,15.0,15.3
2009-07-17,15.7,13.7,13.7
2009-07-18,15.7,14.2,13.5
2009-07-19,15.5,14.0,13.2
2009-07-20,15.7,14.4,13.5
2009-07-21,17.3,14.0,14.0
2009-07-22,17.1,15.4,14.4
2009-07-23,16.5,15.1,15.0
2009-07-24,15.8,13.9,13.9
2009-07-25,16.8,15.0,13.2
2009-07-26,16.2,14.0,13.7
2009-07-27,15.8,14.3,14.6
2009-07-28,15.7,14.1,14.2
2009-07-29,16.4,13.9,15.0
2009-07-30,15.1,13.1,13.3
2009-07-31,15.5,13.7,13.4
2009-08-01,16.6,15.0,14.8
2009-08-02,16.1,14.5,14.7
2009-08-03,16.5,15.3,14.7
2009-08-04,18.3,17.6,17.0
2009-08-05,20.6,18.0,16.4
2009-08-06,19.6,16.6,15.8
2009-08-07,17.2,15.6,15.5
2009-08-08,17.6,15.2,15.5
2009-08-09,18.6,16.6,15.7
2009-08-10,17.4,15.4,15.6
2009-08-11,18.2,15.9,14.1
2009-08-12,18.0,16.1,14.5
2009-08-13,18.3,14.6,13.9
2009-08-14,18.0,16.1,13.8
2009-08-15,18.5,17.3,15.4
2009-08-16,18.0,15.7,14.6
2009-08-17,17.1,15.7,13.8
2009-08-18,17.2,15.9,14.4
2009-08-19,19.1,18.4,17.1
2009-08-20,17.7,16.8,15.9
2009-08-21,15.8,13.7,12.7
2009-08-22,15.7,15.1,13.5
2009-08-23,19.8,16.9,15.5
2009-08-24,18.4,15.1,14.6
2009-08-25,16.0,13.9,13.6
2009-08-26,17.6,15.3,14.1
2009-08-27,17.7,15.5,13.7
2009-08-28,15.8,12.6,12.7
2009-08-29,14.7,12.8,12.5
2009-08-30,14.7,14.3,13.9
2009-08-31,19.2,17.7,15.9
2009-09-01,16.5,14.2,13.2
2009-09-02,15.1,13.3,12.9
2009-09-03,14.6,12.5,11.4
2009-09-04,13.6,12.1,12.2
2009-09-05,14.2,12.7,12.4
2009-09-06,14.5,13.4,13.1
2009-09-07,16.7,16.0,14.3
2009-09-08,19.7,17.1,14.8
2009-09-09,16.0,13.2,12.7
2009-09-10,14.3,12.6,12.7
2009-09-11,14.4,12.7,12.3
2009-09-12,15.4,12.5,12.9
2009-09-13,13.3,11.4,12.5
2009-09-14,14.8,11.6,11.4
2009-09-15,14.6,12.9,11.6
2009-09-16,15.3,11.8,12.1
2009-09-17,14.2,10.8,11.7
2009-09-18,15.0,12.8,11.0
2009-09-19,17.0,13.8,11.5
2009-09-20,16.0,11.5,11.0
2009-09-21,15.9,12.1,13.6
2009-09-22,16.0,14.0,13.6
2009-09-23,16.2,13.1,11.8
2009-09-24,13.8,12.2,12.9
2009-09-25,13.4,12.1,13.1
2009-09-26,14.1,11.4,13.2
2009-09-27,13.5,12.5,13.8
2009-09-28,14.3,13.8,13.6
2009-09-29,14.8,13.6,12.0
2009-09-30,15.2,13.9,12.2
2009-10-01,13.2,10.7,9.0
2009-10-02,12.3,11.5,10.0
2009-10-03,14.1,12.2,10.3
2009-10-04,12.6,9.5,8.0
2009-10-05,12.8,8.8,8.6
2009-10-06,15.8,12.4,9.7
2009-10-07,13.6,8.9,7.9
2009-10-08,10.9,9.2,8.1
2009-10-09,11.4,9.8,9.0
2009-10-10,13.4,11.6,10.8
2009-10-11,12.1,11.2,10.4
2009-10-12,10.9,8.2,7.8
2009-10-13,10.1,8.8,11.2
2009-10-14,10.8,11.4,13.2
2009-10-15,9.8,12.6,12.7
2009-10-16,10.5,9.5,8.3
2009-10-17,8.9,6.7,6.1
2009-10-18,7.0,7.3,9.3
2009-10-19,8.7,9.7,9.8
2009-10-20,9.9,8.4,9.0
2009-10-21,12.0,11.3,11.0
2009-10-22,11.4,10.9,10.0
2009-10-23,11.7,11.6,10.2
2009-10-24,14.2,12.7,10.3
2009-10-25,12.7,12.1,11.3
2009-10-26,11.8,11.7,10.1
2009-10-27,13.4,12.9,10.6
2009-10-28,12.7,12.4,13.2
2009-10-29,12.2,11.0,12.2
2009-10-30,11.2,11.9,12.5
2009-10-31,12.6,13.0,12.5
2009-11-01,12.1,11.1,10.1
2009-11-02,8.6,8.3,8.1
2009-11-03,10.1,8.4,7.0
2009-11-04,7.9,7.1,6.0
2009-11-05,8.5,6.6,5.6
2009-11-06,9.3,6.1,4.9
2009-11-07,6.8,5.8,5.2
2009-11-08,7.0,5.4,2.8
2009-11-09,5.7,3.4,1.3
2009-11-10,5.8,5.9,5.2
2009-11-11,7.5,6.9,4.7
2009-11-12,10.7,9.0,7.9
2009-11-13,12.1,8.8,6.6
2009-11-14,11.0,9.7,8.0
2009-11-15,9.5,7.5,7.3
2009-11-16,10.8,8.8,8.2
2009-11-17,9.9,8.7,7.5
2009-11-18,12.5,9.8,6.7
2009-11-19,12.2,12.8,12.6
2009-11-20,11.9,10.5,9.6
2009-11-21,12.2,10.2,8.2
2009-11-22,9.3,8.2,8.1
2009-11-23,9.9,8.1,7.4
2009-11-24,11.4,10.3,8.4
2009-11-25,9.7,7.5,6.4
2009-11-26,7.8,6.3,6.1
2009-11-27,6.4,4.9,5.7
2009-11-28,6.3,3.0,3.3
2009-11-29,7.5,4.3,3.7
2009-11-30,5.6,2.5,1.3
2009-12-01,3.0,1.1,0.6
2009-12-02,7.9,5.8,4.4
2009-12-03,5.3,4.9,3.4
2009-12-04,4.2,4.4,2.5
2009-12-05,9.5,7.7,5.8
2009-12-06,10.1,8.2,7.2
2009-12-07,8.1,6.4,6.1
2009-12-08,7.1,7.2,5.2
2009-12-09,10.1,8.2,7.5
2009-12-10,6.6,6.1,3.4
2009-12-11,3.2,2.5,0.7
2009-12-12,5.2,4.3,1.6
2009-12-13,3.6,2.6,-0.0
2009-12-14,2.0,2.2,2.8
2009-12-15,0.9,4.4,4.8
2009-12-16,-0.3,3.6,4.0
2009-12-17,1.7,0.6,1.1
2009-12-18,-0.2,-1.9,-1.6
2009-12-19,-2.3,-1.2,-1.6
2009-12-20,-0.7,-1.4,-0.9
2009-12-21,-0.4,-1.1,0.4
2009-12-22,-0.7,-1.1,-1.6
2009-12-23,0.6,-0.6,-2.4
2009-12-24,3.6,0.6,-2.7
2009-12-25,2.2,0.1,-1.3
2009-12-26,6.3,3.8,-0.8
2009-12-27,4.6,2.8,-0.1
2009-12-28,1.1,-0.5,-4.9
2009-12-29,3.0,2.1,-2.0
2009-12-30,4.1,2.5,2.1
2009-12-31,2.8,0.8,-0.2
2010-01-01,-0.5,-2.0,-1.5
2010-01-02,0.6,-0.5,-0.2
2010-01-03,-0.7,-2.6,-4.7
2010-01-04,-3.0,-2.7,-3.6
2010-01-05,-1.9,-0.5,-2.3
2010-01-06,-0.4,-2.3,-2.7
2010-01-07,-3.0,-9.1,-7.2
2010-01-08,-2.9,-6.2,-5.6
2010-01-09,-1.4,-4.8,-2.3
2010-01-10,0.7,0.5,1.8
2010-01-11,-0.2,1.3,2.8
2010-01-12,-0.2,0.4,2.8
2010-01-13,-0.3,0.0,1.9
2010-01-14,1.1,0.9,1.2
2010-01-15,3.0,3.8,4.3
2010-01-16,5.2,4.4,4.7
2010-01-17,4.7,3.8,4.3
2010-01-18,3.9,5.5,5.1
2010-01-19,5.1,4.4,1.5
2010-01-20,2.5,2.7,2.8
2010-01-21,2.7,2.2,1.9
2010-01-22,6.6,6.2,4.6
2010-01-23,5.9,3.1,2.8
2010-01-24,3.5,3.4,2.7
2010-01-25,2.9,1.5,1.5
2010-01-26,0.2,-0.1,1.6
2010-01-27,1.2,3.7,6.1
2010-01-28,4.5,3.8,3.8
2010-01-29,2.6,2.0,0.5
2010-01-30,-0.7,-1.3,-0.6
2010-01-31,-1.0,-0.5,0.1
2010-02-01,0.7,0.9,1.2
2010-02-02,4.8,4.0,2.1
2010-02-03,3.7,0.1,-0.6
2010-02-04,6.8,4.3,3.1
2010-02-05,6.3,4.4,4.8
2010-02-06,5.1,3.3,5.1
2010-02-07,3.9,2.9,4.1
2010-02-08,1.3,1.5,2.2
2010-02-09,1.6,2.1,1.2
2010-02-10,0.5,0.1,0.7
2010-02-11,0.1,-0.6,0.7
2010-02-12,1.7,1.5,1.3
2010-02-13,1.4,1.6,1.6
2010-02-14,1.0,1.2,3.0
2010-02-15,0.9,2.8,3.0
2010-02-16,3.3,0.9,0.1
2010-02-17,2.2,-1.4,0.8
2010-02-18,2.3,1.2,-0.1
2010-02-19,1.7,-0.8,-1.5
2010-02-20,0.1,-1.8,-1.0
2010-02-21,1.8,-0.6,-0.3
2010-02-22,2.1,-1.0,-0.9
2010-02-23,2.4,0.7,-0.0
2010-02-24,7.0,3.8,1.8
2010-02-25,7.2,4.5,3.4
2010-02-26,5.9,3.3,2.5
2010-02-27,6.5,2.5,2.1
2010-02-28,4.8,3.1,1.3
2010-03-01,4.0,2.0,-0.1
2010-03-02,4.2,2.2,0.3
2010-03-03,2.9,2.0,1.4
2010-03-04,3.0,2.1,0.8
2010-03-05,2.2,2.1,3.5
2010-03-06,2.6,2.5,4.0
2010-03-07,-0.3,-1.4,2.6
2010-03-08,1.1,0.3,2.8
2010-03-09,3.4,2.9,3.5
2010-03-10,2.8,4.3,1.3
2010-03-11,3.1,2.5,3.4
2010-03-12,4.0,5.7,4.9
2010-03-13,5.6,4.0,5.0
2010-03-14,6.2,5.9,6.3
2010-03-15,6.3,5.8,6.7
2010-03-16,5.4,5.9,5.2
2010-03-17,8.0,8.1,8.1
2010-03-18,9.7,10.2,9.6
2010-03-19,10.1,9.1,8.5
2010-03-20,10.9,8.7,6.7
2010-03-21,8.7,6.8,5.6
2010-03-22,8.3,8.1,7.2
2010-03-23,7.3,6.4,6.5
2010-03-24,11.1,10.0,7.9
2010-03-25,10.9,10.2,5.8
2010-03-26,9.1,8.2,6.4
2010-03-27,9.0,6.9,6.1
2010-03-28,8.3,6.3,6.0
2010-03-29,9.2,5.9,2.3
2010-03-30,7.7,7.6,1.8
2010-03-31,4.4,2.7,1.5
2010-04-01,5.0,4.1,2.5
2010-04-02,6.5,5.1,2.8
2010-04-03,7.0,5.5,5.5
2010-04-04,6.7,4.4,4.9
2010-04-05,8.0,8.3,7.8
2010-04-06,10.2,9.8,8.1
2010-04-07,8.8,7.6,6.9
2010-04-08,8.9,7.1,8.8
2010-04-09,11.2,9.1,8.6
2010-04-10,10.0,10.7,8.8
2010-04-11,7.5,8.4,8.2
2010-04-12,8.2,7.2,8.2
2010-04-13,7.9,6.5,7.3
2010-04-14,7.2,6.7,5.7
2010-04-15,7.5,6.3,7.4
2010-04-16,7.1,7.6,7.9
2010-04-17,7.7,7.8,7.3
2010-04-18,9.9,8.2,5.6
2010-04-19,9.9,6.6,5.1
2010-04-20,8.7,5.4,5.4
2010-04-21,6.6,5.2,5.1
2010-04-22,7.1,6.1,6.2
2010-04-23,8.8,8.3,6.0
2010-04-24,10.5,11.1,9.3
2010-04-25,12.0,11.5,10.0
2010-04-26,12.1,10.7,10.6
2010-04-27,12.7,11.8,10.2
2010-04-28,13.2,13.7,12.5
2010-04-29,13.8,10.8,10.6
2010-04-30,11.7,9.4,9.0
2010-05-01,10.9,9.2,6.7
2010-05-02,8.0,6.9,5.5
2010-05-03,7.0,5.9,5.3
2010-05-04,7.0,6.8,7.8
2010-05-05,8.8,8.8,10.1
2010-05-06,9.3,9.6,8.1
2010-05-07,8.2,8.2,7.3
2010-05-08,7.8,8.4,6.7
2010-05-09,8.4,7.9,7.5
2010-05-10,7.7,6.5,5.5
2010-05-11,6.7,6.3,4.6
2010-05-12,6.4,6.2,5.4
2010-05-13,7.5,7.0,7.2
2010-05-14,8.8,8.0,8.7
2010-05-15,10.0,8.1,9.0
2010-05-16,10.3,8.7,9.5
2010-05-17,10.9,9.6,9.9
2010-05-18,12.3,11.6,11.2
2010-05-19,14.2,13.3,11.9
2010-05-20,15.9,15.8,14.7
2010-05-21,17.5,17.1,16.1
2010-05-22,14.7,18.7,17.4
2010-05-23,17.6,18.4,16.3
2010-05-24,18.8,14.2,12.2
2010-05-25,13.6,11.4,8.7
2010-05-26,11.5,9.7,8.3
2010-05-27,11.3,8.7,8.1
2010-05-28,12.4,10.2,8.9
2010-05-29,12.4,10.3,10.7
2010-05-30,14.0,11.3,10.2
2010-05-31,13.0,12.3,10.2
2010-06-01,12.1,12.5,11.7
2010-06-02,13.8,13.7,13.1
2010-06-03,14.5,16.1,13.0
2010-06-04,17.0,16.9,13.6
2010-06-05,19.1,17.7,15.9
2010-06-06,18.0,14.7,12.2
2010-06-07,14.8,14.2,11.8
2010-06-08,14.6,13.3,11.0
2010-06-09,15.5,13.9,11.5
2010-06-10,15.7,13.0,10.9
2010-06-11,14.6,11.4,12.0
2010-06-12,14.0,12.7,12.2
2010-06-13,14.4,11.9,11.0
2010-06-14,14.2,12.3,11.0
2010-06-15,12.6,12.3,13.1
2010-06-16,12.5,14.5,15.6
2010-06-17,14.0,16.2,16.6
2010-06-18,13.3,13.9,13.5
2010-06-19,11.7,11.6,11.4
2010-06-20,12.4,12.0,14.0
2010-06-21,16.5,15.3,15.4
2010-06-22,18.7,16.7,16.6
2010-06-23,19.2,16.2,16.6
2010-06-24,18.9,15.8,15.6
2010-06-25,19.7,16.8,15.9
2010-06-26,19.4,19.7,17.6
2010-06-27,21.2,19.4,17.2
2010-06-28,20.8,17.6,16.1
2010-06-29,19.9,15.9,17.0
2010-06-30,19.8,17.8,16.7
2010-07-01,19.3,19.3,16.7
2010-07-02,20.6,18.2,16.7
2010-07-03,19.5,16.1,15.3
2010-07-04,18.0,15.8,14.3
2010-07-05,18.3,14.6,13.2
2010-07-06,17.0,14.7,13.3
2010-07-07,17.3,16.7,15.7
2010-07-08,19.7,16.2,14.8
2010-07-09,21.2,18.6,14.6
2010-07-10,20.9,19.8,13.1
2010-07-11,20.5,15.9,14.7
2010-07-12,19.1,14.2,13.8
2010-07-13,17.8,14.0,12.7
2010-07-14,17.7,16.6,12.7
2010-07-15,17.3,15.9,14.3
2010-07-16,17.2,14.5,13.4
2010-07-17,16.4,14.0,13.1
2010-07-18,16.5,16.4,15.6
2010-07-19,19.6,18.4,16.4
2010-07-20,20.8,17.0,16.4
2010-07-21,18.6,15.9,14.2
2010-07-22,16.9,13.8,12.1
2010-07-23,17.0,13.7,13.2
2010-07-24,18.7,15.5,14.4
2010-07-25,19.4,15.8,15.3
2010-07-26,19.1,16.1,14.4
2010-07-27,19.2,16.4,15.0
2010-07-28,18.5,14.6,14.4
2010-07-29,17.2,14.5,15.0
2010-07-30,17.6,15.4,13.4
2010-07-31,19.0,15.2,13.8
2010-08-01,17.6,14.6,14.8
2010-08-02,17.4,14.3,14.0
2010-08-03,17.5,13.9,13.9
2010-08-04,15.9,13.7,14.0
2010-08-05,15.7,13.5,13.8
2010-08-06,15.7,14.5,13.8
2010-08-07,17.6,15.5,15.9
2010-08-08,17.5,14.7,15.4
2010-08-09,18.0,14.6,14.2
2010-08-10,17.0,14.6,12.8
2010-08-11,16.4,13.7,12.8
2010-08-12,15.4,14.6,14.0
2010-08-13,14.0,13.1,14.7
2010-08-14,15.0,14.9,13.4
2010-08-15,16.7,16.8,13.8
2010-08-16,16.5,15.0,13.9
2010-08-17,16.3,14.4,15.2
2010-08-18,15.9,13.4,13.2
2010-08-19,15.9,14.7,14.0
2010-08-20,18.8,18.2,16.0
2010-08-21,19.7,16.2,15.1
2010-08-22,19.1,15.7,14.1
2010-08-23,17.6,13.8,12.5
2010-08-24,15.2,12.6,12.0
2010-08-25,14.1,13.2,12.6
2010-08-26,17.5,13.2,12.2
2010-08-27,14.0,12.5,12.3
2010-08-28,14.2,12.3,12.3
2010-08-29,13.6,12.4,11.7
2010-08-30,13.4,11.3,11.0
2010-08-31,12.3,12.2,11.8
2010-09-01,13.5,13.9,12.1
2010-09-02,13.8,14.6,13.2
2010-09-03,14.6,13.8,13.5
2010-09-04,14.5,14.6,14.6
2010-09-05,15.5,15.4,14.7
2010-09-06,15.8,15.3,14.4
2010-09-07,14.7,14.2,13.7
2010-09-08,14.4,14.1,13.6
2010-09-09,14.8,13.4,14.1
2010-09-10,16.0,16.1,14.4
2010-09-11,16.8,15.5,13.4
2010-09-12,14.5,12.8,13.1
2010-09-13,13.7,14.4,14.2
2010-09-14,16.3,14.8,11.8
2010-09-15,13.4,11.5,12.0
2010-09-16,13.0,11.7,10.8
2010-09-17,11.5,10.5,9.6
2010-09-18,11.3,10.4,10.9
2010-09-19,13.6,13.0,11.8
2010-09-20,15.8,14.2,13.2
2010-09-21,14.4,14.4,14.0
2010-09-22,15.4,15.3,14.1
2010-09-23,15.1,14.0,11.7
2010-09-24,11.7,10.8,8.8
2010-09-25,9.8,8.2,7.8
2010-09-26,10.7,9.3,7.9
2010-09-27,13.3,11.8,9.6
2010-09-28,14.1,13.3,12.5
2010-09-29,14.0,13.0,12.1
2010-09-30,12.0,11.2,10.2
2010-10-01,13.6,12.3,10.8
2010-10-02,13.4,10.9,10.9
2010-10-03,15.4,10.8,11.0
2010-10-04,14.2,10.7,11.9
2010-10-05,14.4,13.6,12.3
2010-10-06,13.8,12.5,11.2
2010-10-07,12.6,12.0,12.0
2010-10-08,15.5,14.9,12.4
2010-10-09,14.8,13.4,11.6
2010-10-10,14.4,12.7,10.9
2010-10-11,12.3,9.8,8.4
2010-10-12,11.3,8.3,7.4
2010-10-13,9.8,7.1,8.1
2010-10-14,9.9,8.6,9.8
2010-10-15,10.9,9.6,9.5
2010-10-16,9.3,7.4,7.3
2010-10-17,8.1,6.5,8.6
2010-10-18,9.1,10.4,9.4
2010-10-19,9.1,7.5,5.6
2010-10-20,4.5,3.6,3.7
2010-10-21,5.6,7.6,7.2
2010-10-22,8.4,9.7,7.9
2010-10-23,9.4,7.5,5.5
2010-10-24,5.7,3.8,4.2
2010-10-25,4.4,3.7,4.5
2010-10-26,7.5,9.2,11.0
2010-10-27,12.6,11.8,10.3
2010-10-28,12.2,11.1,9.7
2010-10-29,12.3,11.7,12.5
2010-10-30,10.6,9.1,8.4
2010-10-31,10.1,8.9,7.1
2010-11-01,9.7,9.8,8.1
2010-11-02,12.8,11.3,9.0
2010-11-03,14.0,10.5,7.8
2010-11-04,14.9,14.2,8.9
2010-11-05,14.6,10.4,8.6
2010-11-06,9.0,6.4,3.8
2010-11-07,5.4,4.4,2.8
2010-11-08,4.9,3.9,5.2
2010-11-09,6.6,5.3,5.0
2010-11-10,3.9,2.4,1.6
2010-11-11,8.5,7.7,6.5
2010-11-12,10.6,8.8,7.2
2010-11-13,8.9,6.3,5.3
2010-11-14,6.8,4.3,3.4
2010-11-15,2.7,3.3,1.9
2010-11-16,3.8,3.5,4.2
2010-11-17,5.8,5.0,5.6
2010-11-18,6.7,5.7,6.3
2010-11-19,5.3,5.1,6.9
2010-11-20,6.9,5.5,5.6
2010-11-21,5.6,3.9,4.0
2010-11-22,5.0,4.2,4.7
2010-11-23,4.4,2.3,1.6
2010-11-24,1.4,-0.1,1.1
2010-11-25,0.1,-1.3,0.6
2010-11-26,-1.3,-1.5,-0.0
2010-11-27,-1.5,-2.0,-1.2
2010-11-28,-2.5,-3.4,-0.4
2010-11-29,-0.8,-1.7,-0.1
2010-11-30,0.2,-0.5,-1.4
2010-12-01,-1.0,-1.6,-3.3
2010-12-02,-2.2,-1.4,-4.8
2010-12-03,-6.3,-3.0,-3.5
2010-12-04,2.1,1.2,-0.5
2010-12-05,0.7,-1.8,-6.3
2010-12-06,-3.5,-4.5,-3.0
2010-12-07,-2.6,-3.1,-10.4
2010-12-08,-1.0,-4.0,-8.8
2010-12-09,-1.5,1.3,0.7
2010-12-10,3.1,6.0,5.7
2010-12-11,4.5,4.8,4.3
2010-12-12,1.2,-0.4,-0.8
2010-12-13,1.0,0.2,-2.1
2010-12-14,1.6,1.1,1.3
2010-12-15,0.8,2.0,2.1
2010-12-16,2.5,2.4,1.0
2010-12-17,-3.4,-2.5,-2.5
2010-12-18,-2.4,-2.6,-2.2
2010-12-19,-2.7,-3.8,-2.4
2010-12-20,-4.1,-5.6,-5.0
2010-12-21,0.2,-5.5,-7.2
2010-12-22,-0.1,-2.9,-5.1
2010-12-23,0.2,-1.9,-6.1
2010-12-24,-0.8,-4.3,-7.0
2010-12-25,-4.6,-3.4,-2.0
2010-12-26,-4.8,-2.9,-1.4
2010-12-27,1.8,1.2,1.7
2010-12-28,3.9,3.4,2.3
2010-12-29,5.4,4.4,3.7
2010-12-30,4.7,4.0,2.5
2010-12-31,4.1,3.1,3.6
2011-01-01,4.5,3.6,2.1
2011-01-02,0.6,-1.7,-1.3
2011-01-03,-0.2,-1.3,0.6
2011-01-04,2.2,1.8,4.0
2011-01-05,5.0,3.9,1.2
2011-01-06,3.1,2.2,-0.5
2011-01-07,6.1,1.3,-2.0
2011-01-08,6.4,3.8,-0.3
2011-01-09,1.7,2.7,-0.4
2011-01-10,3.4,3.7,2.3
2011-01-11,5.2,3.7,1.0
2011-01-12,8.2,7.1,3.9
2011-01-13,11.3,9.6,7.2
2011-01-14,9.8,8.3,7.0
2011-01-15,9.0,9.0,8.9
2011-01-16,10.5,9.0,8.6
2011-01-17,7.2,4.0,4.7
2011-01-18,4.2,3.4,3.1
2011-01-19,2.1,1.7,3.2
2011-01-20,4.1,-2.0,-1.6
2011-01-21,1.6,-1.8,0.9
2011-01-22,2.5,1.6,-0.0
2011-01-23,5.7,3.1,1.5
2011-01-24,4.7,2.9,4.1
2011-01-25,5.8,5.9,6.1
2011-01-26,4.9,3.4,3.3
2011-01-27,1.5,0.5,2.7
2011-01-28,0.4,-0.5,-0.2
2011-01-29,0.5,-1.3,0.7
2011-01-30,1.6,-0.4,1.4
2011-01-31,0.1,-0.7,5.3
2011-02-01,2.1,5.0,6.0
2011-02-02,5.1,6.4,6.7
2011-02-03,6.2,5.8,3.8
2011-02-04,9.9,9.9,6.1
2011-02-05,10.8,9.0,5.4
2011-02-06,9.9,9.5,4.3
2011-02-07,8.0,7.5,2.8
2011-02-08,3.8,3.7,2.6
2011-02-09,7.4,7.4,6.2
2011-02-10,8.4,7.8,4.0
2011-02-11,9.4,7.3,2.4
2011-02-12,7.9,6.2,4.4
2011-02-13,6.6,6.5,5.0
2011-02-14,5.7,3.9,3.6
2011-02-15,5.1,3.5,2.8
2011-02-16,5.5,4.8,4.7
2011-02-17,6.0,5.2,2.7
2011-02-18,5.1,4.6,3.6
2011-02-19,5.3,2.7,2.8
2011-02-20,4.7,3.4,3.3
2011-02-21,4.8,2.8,2.6
2011-02-22,4.8,5.6,4.5
2011-02-23,7.4,8.1,8.3
2011-02-24,9.2,8.7,9.0
2011-02-25,9.7,9.5,9.8
2011-02-26,7.8,6.4,6.6
2011-02-27,4.7,4.8,4.6
2011-02-28,3.8,3.6,2.3
2011-03-01,3.4,2.5,4.9
2011-03-02,3.4,1.1,4.2
2011-03-03,2.1,0.9,4.2
2011-03-04,2.7,3.8,6.3
2011-03-05,2.5,3.8,4.4
2011-03-06,3.2,2.3,3.0
2011-03-07,2.7,1.2,3.9
2011-03-08,3.5,2.5,5.1
2011-03-09,6.5,5.8,3.4
2011-03-10,8.5,7.1,4.9
2011-03-11,7.1,6.1,3.2
2011-03-12,8.1,8.2,2.4
2011-03-13,8.8,5.7,3.4
2011-03-14,6.0,3.7,3.4
2011-03-15,9.2,6.8,3.7
2011-03-16,7.8,7.5,4.0
2011-03-17,6.3,5.6,5.1
2011-03-18,5.0,4.5,3.6
2011-03-19,3.2,5.5,5.1
2011-03-20,5.3,6.9,7.2
2011-03-21,7.2,8.9,9.2
2011-03-22,9.9,8.7,9.5
2011-03-23,8.5,9.2,8.3
2011-03-24,7.8,8.6,7.7
2011-03-25,8.5,7.8,5.5
2011-03-26,8.2,6.3,6.5
2011-03-27,8.3,6.2,6.5
2011-03-28,8.6,6.6,6.7
2011-03-29,9.3,9.6,6.6
2011-03-30,8.4,8.7,7.5
2011-03-31,12.4,11.0,8.3
2011-04-01,12.5,12.5,10.6
2011-04-02,13.4,10.9,10.0
2011-04-03,9.3,8.1,7.6
2011-04-04,8.5,7.6,7.8
2011-04-05,10.5,11.2,12.0
2011-04-06,14.0,13.5,13.0
2011-04-07,13.0,9.6,8.9
2011-04-08,12.6,8.9,9.9
2011-04-09,10.2,12.2,11.2
2011-04-10,10.6,11.1,13.0
2011-04-11,12.0,9.1,9.8
2011-04-12,8.6,7.2,6.9
2011-04-13,7.1,7.0,7.6
2011-04-14,9.5,9.8,10.0
2011-04-15,10.6,10.2,9.0
2011-04-16,11.9,10.0,8.9
2011-04-17,12.1,10.2,9.6
2011-04-18,11.1,12.6,9.6
2011-04-19,15.4,12.8,11.6
2011-04-20,15.6,13.1,10.2
2011-04-21,15.6,14.7,10.2
2011-04-22,16.2,15.6,9.8
2011-04-23,17.6,13.7,9.6
2011-04-24,16.2,11.8,9.9
2011-04-25,13.7,12.4,10.1
2011-04-26,11.5,9.3,8.0
2011-04-27,10.6,9.9,7.4
2011-04-28,10.5,8.7,8.2
2011-04-29,12.8,11.3,8.9
2011-04-30,14.5,11.2,10.0
2011-05-01,13.5,11.2,9.7
2011-05-02,10.8,9.6,8.4
2011-05-03,9.3,9.1,7.6
2011-05-04,9.7,9.9,8.5
2011-05-05,13.5,12.6,9.9
2011-05-06,17.2,15.6,13.1
2011-05-07,17.9,15.4,12.6
2011-05-08,16.0,14.9,13.2
2011-05-09,14.2,13.0,12.3
2011-05-10,14.3,12.9,12.1
2011-05-11,13.0,12.1,11.2
2011-05-12,12.6,10.8,10.0
2011-05-13,12.4,9.9,8.7
2011-05-14,11.8,9.2,9.3
2011-05-15,11.7,9.7,9.4
2011-05-16,13.9,11.2,11.1
2011-05-17,13.8,12.0,11.0
2011-05-18,14.6,11.9,10.4
2011-05-19,13.1,10.5,9.9
2011-05-20,13.5,10.4,9.3
2011-05-21,13.7,12.3,11.1
2011-05-22,14.1,11.5,9.8
2011-05-23,13.3,11.4,9.6
2011-05-24,13.0,10.4,8.7
2011-05-25,13.2,11.8,9.9
2011-05-26,13.1,10.9,10.7
2011-05-27,12.7,10.6,9.5
2011-05-28,12.3,11.9,9.6
2011-05-29,15.0,12.8,9.8
2011-05-30,14.7,10.4,9.6
2011-05-31,12.0,9.6,10.0
2011-06-01,13.9,12.7,13.0
2011-06-02,16.6,14.9,14.6
2011-06-03,16.7,16.5,16.8
2011-06-04,17.2,14.5,10.4
2011-06-05,15.0,11.2,8.4
2011-06-06,12.0,10.9,10.3
2011-06-07,14.1,11.2,10.4
2011-06-08,13.1,11.8,10.3
2011-06-09,12.8,10.5,9.9
2011-06-10,11.5,10.4,9.7
2011-06-11,11.8,10.1,9.2
2011-06-12,11.3,10.2,9.7
2011-06-13,16.5,13.6,11.7
2011-06-14,15.9,14.1,12.5
2011-06-15,15.9,15.1,14.0
2011-06-16,13.7,12.6,12.8
2011-06-17,12.5,12.4,11.1
2011-06-18,13.7,12.6,10.9
2011-06-19,14.2,12.2,12.6
2011-06-20,14.3,13.7,12.7
2011-06-21,15.9,15.1,11.3
2011-06-22,14.6,13.7,11.2
2011-06-23,14.6,12.4,11.8
2011-06-24,13.7,11.5,11.4
2011-06-25,16.8,15.0,13.1
2011-06-26,19.5,19.5,16.5
2011-06-27,22.8,19.2,14.3
2011-06-28,18.2,13.3,13.0
2011-06-29,15.4,12.3,12.1
2011-06-30,14.7,11.8,12.2
2011-07-01,14.4,12.0,12.6
2011-07-02,15.8,14.2,13.3
2011-07-03,17.5,15.9,15.8
2011-07-04,18.1,18.2,15.6
2011-07-05,17.4,17.8,16.6
2011-07-06,15.8,14.8,13.5
2011-07-07,15.2,14.7,13.7
2011-07-08,15.1,13.5,13.3
2011-07-09,16.2,14.3,14.2
2011-07-10,16.5,14.5,14.0
2011-07-11,17.6,14.9,12.6
2011-07-12,16.4,14.6,12.2
2011-07-13,14.4,13.2,12.5
2011-07-14,15.5,14.0,14.8
2011-07-15,17.0,15.6,14.7
2011-07-16,15.4,14.0,14.6
2011-07-17,14.9,13.0,13.8
2011-07-18,14.7,12.6,14.0
2011-07-19,14.9,14.2,14.6
2011-07-20,14.6,13.7,12.5
2011-07-21,14.9,14.5,11.8
2011-07-22,14.5,12.1,11.8
2011-07-23,14.3,12.3,11.9
2011-07-24,15.9,13.2,13.0
2011-07-25,15.6,14.0,12.6
2011-07-26,15.6,14.8,13.3
2011-07-27,16.2,15.3,14.8
2011-07-28,17.2,16.3,13.8
2011-07-29,15.9,14.9,14.3
2011-07-30,15.1,15.3,14.1
2011-07-31,16.8,17.5,15.7
2011-08-01,19.4,18.7,16.9
2011-08-02,21.1,18.2,15.4
2011-08-03,21.6,18.1,16.1
2011-08-04,17.3,16.4,15.1
2011-08-05,18.0,15.1,15.0
2011-08-06,15.9,13.3,13.0
2011-08-07,15.2,13.3,12.5
2011-08-08,15.6,13.3,13.6
2011-08-09,15.3,13.1,12.6
2011-08-10,16.0,13.9,12.5
2011-08-11,17.4,15.8,11.5
2011-08-12,18.2,16.4,13.7
2011-08-13,17.3,16.5,15.3
2011-08-14,17.6,14.4,13.8
2011-08-15,16.1,13.9,12.9
2011-08-16,17.0,14.5,12.5
2011-08-17,15.8,12.7,12.5
2011-08-18,13.9,12.8,12.1
2011-08-19,14.6,13.7,12.4
2011-08-20,16.5,16.4,14.4
2011-08-21,18.6,15.8,14.1
2011-08-22,16.6,15.2,13.4
2011-08-23,15.4,15.5,13.1
2011-08-24,15.8,14.2,13.3
2011-08-25,15.7,13.9,11.9
2011-08-26,14.2,12.7,12.5
2011-08-27,14.0,12.1,12.4
2011-08-28,14.2,12.1,10.9
2011-08-29,13.3,12.1,12.0
2011-08-30,14.5,12.3,12.2
2011-08-31,15.1,13.0,12.0
2011-09-01,14.9,14.7,13.5
2011-09-02,18.2,15.7,14.6
2011-09-03,17.6,16.6,14.6
2011-09-04,16.1,15.0,12.7
2011-09-05,14.6,12.3,12.5
2011-09-06,15.1,13.5,12.8
2011-09-07,14.2,12.3,11.5
2011-09-08,15.6,13.1,11.8
2011-09-09,18.2,16.4,12.5
2011-09-10,18.8,17.8,16.1
2011-09-11,16.4,14.3,13.3
2011-09-12,17.3,15.7,13.5
2011-09-13,14.4,12.8,11.7
2011-09-14,13.8,12.7,11.4
2011-09-15,13.4,12.8,9.5
2011-09-16,15.5,13.8,11.1
2011-09-17,14.0,11.7,11.5
2011-09-18,11.8,11.5,11.0
2011-09-19,13.7,13.0,10.8
2011-09-20,16.2,13.3,11.2
2011-09-21,14.8,12.0,10.6
2011-09-22,14.1,12.1,10.8
2011-09-23,12.6,12.7,13.0
2011-09-24,13.6,13.7,13.7
2011-09-25,15.7,15.3,13.4
2011-09-26,16.9,12.8,11.4
2011-09-27,15.4,14.9,14.1
2011-09-28,17.2,18.0,17.2
2011-09-29,18.1,18.8,17.2
2011-09-30,17.9,19.0,17.3
2011-10-01,18.4,18.8,14.8
2011-10-02,18.1,17.4,13.0
2011-10-03,18.1,17.3,13.2
2011-10-04,17.0,11.9,11.4
2011-10-05,17.2,15.6,13.2
2011-10-06,13.4,9.7,7.7
2011-10-07,11.9,10.6,9.2
2011-10-08,11.8,11.3,9.5
2011-10-09,16.0,14.9,12.9
2011-10-10,16.4,15.0,10.7
2011-10-11,15.9,13.7,10.1
2011-10-12,15.8,13.6,8.7
2011-10-13,14.6,12.9,11.2
2011-10-14,11.8,12.3,13.7
2011-10-15,9.6,9.3,12.7
2011-10-16,10.4,10.9,11.4
2011-10-17,11.8,10.6,7.3
2011-10-18,10.5,7.7,6.8
2011-10-19,7.8,6.6,5.0
2011-10-20,6.7,6.3,6.4
2011-10-21,9.1,10.3,11.3
2011-10-22,9.3,9.5,10.8
2011-10-23,13.3,13.4,12.3
2011-10-24,13.1,12.4,11.9
2011-10-25,12.1,11.4,11.2
2011-10-26,10.4,8.5,8.5
2011-10-27,11.9,10.0,9.3
2011-10-28,11.9,7.9,8.9
2011-10-29,13.0,9.8,10.8
2011-10-30,14.9,12.4,11.9
2011-10-31,14.6,14.2,13.9
2011-11-01,12.9,10.9,9.4
2011-11-02,11.6,11.1,9.6
2011-11-03,14.5,13.7,12.3
2011-11-04,12.6,11.6,10.8
2011-11-05,11.4,8.9,6.1
2011-11-06,9.8,4.6,4.6
2011-11-07,11.2,4.9,4.3
2011-11-08,10.7,9.6,9.1
2011-11-09,11.4,10.9,10.1
2011-11-10,10.9,11.7,11.0
2011-11-11,10.5,10.0,9.4
2011-11-12,13.2,11.1,9.6
2011-11-13,11.1,11.3,8.7
2011-11-14,9.8,8.1,8.7
2011-11-15,8.6,7.7,8.2
2011-11-16,7.8,6.8,7.5
2011-11-17,10.4,9.4,8.9
2011-11-18,10.6,11.1,12.3
2011-11-19,8.4,9.3,9.4
2011-11-20,6.7,8.0,9.8
2011-11-21,7.8,8.8,9.4
2011-11-22,10.3,8.0,7.8
2011-11-23,7.3,7.6,9.3
2011-11-24,9.8,10.5,9.8
2011-11-25,10.3,8.0,5.3
2011-11-26,9.0,9.8,9.8
2011-11-27,9.5,9.1,7.7
2011-11-28,6.2,6.4,8.2
2011-11-29,10.7,9.5,8.3
2011-11-30,8.2,7.5,6.7
2011-12-01,9.1,5.7,4.5
2011-12-02,5.2,4.1,4.5
2011-12-03,9.0,7.2,5.1
2011-12-04,6.8,4.3,2.2
2011-12-05,3.6,2.6,1.0
2011-12-06,4.1,3.3,1.3
2011-12-07,6.2,5.0,3.4
2011-12-08,8.0,6.2,4.7
2011-12-09,4.4,3.2,1.8
2011-12-10,1.4,2.5,1.1
2011-12-11,5.8,5.5,4.8
2011-12-12,5.5,4.2,3.4
2011-12-13,7.2,4.9,3.1
2011-12-14,4.7,3.1,3.8
2011-12-15,4.9,2.4,2.2
2011-12-16,2.5,0.5,-0.3
2011-12-17,1.5,0.5,-1.2
2011-12-18,0.5,-0.3,-1.4
2011-12-19,2.2,3.9,1.6
2011-12-20,5.4,5.0,3.2
2011-12-21,8.8,8.7,6.9
2011-12-22,8.6,9.6,10.4
2011-12-23,8.4,7.2,5.7
2011-12-24,5.1,6.1,5.8
2011-12-25,9.6,10.5,10.3
2011-12-26,10.3,9.7,11.1
2011-12-27,8.3,8.0,6.1
2011-12-28,7.9,6.5,6.3
2011-12-29,6.4,5.1,3.7
2011-12-30,5.8,5.6,3.1
2011-12-31,10.8,10.0,9.0
2012-01-01,10.7,8.1,5.8
2012-01-02,5.1,3.7,2.9
2012-01-03,8.3,6.3,4.2
2012-01-04,6.5,5.8,4.8
2012-01-05,8.3,6.4,4.6
2012-01-06,5.7,5.7,4.8
2012-01-07,8.2,7.2,6.1
2012-01-08,6.3,7.3,7.3
2012-01-09,9.0,7.0,7.1
2012-01-10,9.0,6.9,6.8
2012-01-11,8.5,9.1,7.7
2012-01-12,8.1,7.4,6.2
2012-01-13,1.9,1.9,1.2
2012-01-14,-0.6,-1.6,0.7
2012-01-15,1.1,-0.2,-0.2
2012-01-16,0.3,-0.3,-0.7
2012-01-17,0.7,-0.4,3.9
2012-01-18,7.8,6.3,6.7
2012-01-19,9.0,5.1,3.4
2012-01-20,6.5,5.9,4.1
2012-01-21,9.2,7.4,5.9
2012-01-22,7.0,6.2,5.1
2012-01-23,4.8,3.9,2.6
2012-01-24,4.7,5.0,3.4
2012-01-25,8.7,8.4,8.1
2012-01-26,6.9,4.1,2.4
2012-01-27,3.7,3.3,1.4
2012-01-28,3.1,0.8,0.1
2012-01-29,2.6,0.6,1.5
2012-01-30,1.0,0.2,1.2
2012-01-31,-0.3,0.1,1.6
2012-02-01,-0.2,0.0,1.1
2012-02-02,-1.3,-1.7,-1.1
2012-02-03,-1.8,-2.1,-0.1
2012-02-04,-1.6,-1.9,1.7
2012-02-05,0.5,1.5,3.0
2012-02-06,1.5,3.2,0.2
2012-02-07,-1.0,0.1,-0.2
2012-02-08,-0.6,-2.5,0.3
2012-02-09,-1.3,-1.0,3.7
2012-02-10,-1.6,-0.2,3.0
2012-02-11,-2.7,-1.1,3.4
2012-02-12,-0.2,2.5,3.9
2012-02-13,2.6,4.9,5.7
2012-02-14,5.3,4.1,5.9
2012-02-15,7.1,5.6,6.7
2012-02-16,6.3,6.3,7.0
2012-02-17,8.1,7.4,6.8
2012-02-18,7.1,5.8,4.3
2012-02-19,2.3,2.0,0.9
2012-02-20,2.1,4.2,5.9
2012-02-21,6.7,8.4,8.8
2012-02-22,7.5,9.4,9.8
2012-02-23,11.3,10.7,9.6
2012-02-24,10.1,8.4,7.4
2012-02-25,6.6,5.1,6.9
2012-02-26,5.7,6.8,7.7
2012-02-27,7.7,8.1,9.4
2012-02-28,10.0,9.2,9.9
2012-02-29,9.7,8.1,8.7
2012-03-01,8.7,7.5,9.3
2012-03-02,6.5,7.5,7.6
2012-03-03,8.6,7.0,6.2
2012-03-04,5.4,3.9,3.8
2012-03-05,5.2,4.5,3.5
2012-03-06,4.9,4.6,3.9
2012-03-07,6.6,6.3,5.9
2012-03-08,6.1,6.5,6.2
2012-03-09,8.2,9.0,9.5
2012-03-10,10.6,9.8,8.4
2012-03-11,8.8,7.4,8.3
2012-03-12,7.9,7.0,7.4
2012-03-13,7.4,5.9,7.1
2012-03-14,6.2,6.4,7.2
2012-03-15,7.5,5.3,7.0
2012-03-16,8.4,7.4,8.0
2012-03-17,8.2,7.7,6.0
2012-03-18,5.6,5.6,4.1
2012-03-19,5.5,5.6,7.0
2012-03-20,7.3,8.0,10.0
2012-03-21,8.0,7.7,9.0
2012-03-22,9.5,8.4,6.8
2012-03-23,10.9,9.6,6.5
2012-03-24,9.9,11.0,7.2
2012-03-25,7.2,9.9,10.1
2012-03-26,8.6,9.8,10.6
2012-03-27,8.5,10.9,10.7
2012-03-28,10.4,10.8,11.1
2012-03-29,10.5,7.9,10.0
2012-03-30,10.1,7.1,9.1
2012-03-31,7.3,7.0,6.3
2012-04-01,5.8,5.5,6.7
2012-04-02,7.5,7.5,5.9
2012-04-03,7.7,6.0,2.3
2012-04-04,7.4,3.2,2.7
2012-04-05,6.8,4.2,3.4
2012-04-06,5.7,5.5,7.1
2012-04-07,7.7,7.4,6.4
2012-04-08,8.7,8.0,8.0
2012-04-09,8.6,7.9,6.6
2012-04-10,8.1,6.0,5.2
2012-04-11,7.1,6.1,6.0
2012-04-12,6.9,6.0,5.2
2012-04-13,6.3,5.8,4.1
2012-04-14,6.7,4.6,4.2
2012-04-15,5.4,3.9,4.0
2012-04-16,5.1,5.4,4.6
2012-04-17,7.7,6.9,5.6
2012-04-18,7.7,5.2,5.3
2012-04-19,7.6,7.3,6.4
2012-04-20,7.5,6.8,6.4
2012-04-21,7.6,6.4,6.7
2012-04-22,7.9,7.0,6.5
2012-04-23,6.7,6.8,6.1
2012-04-24,8.5,6.8,5.9
2012-04-25,8.5,6.6,6.1
2012-04-26,10.6,8.7,6.7
2012-04-27,11.0,7.1,5.3
2012-04-28,7.6,6.5,4.7
2012-04-29,8.9,4.7,4.8
2012-04-30,12.2,11.3,6.7
2012-05-01,12.8,9.1,7.7
2012-05-02,10.7,10.1,7.6
2012-05-03,8.6,8.0,7.1
2012-05-04,7.9,6.8,6.6
2012-05-05,7.1,5.0,4.3
2012-05-06,6.8,6.2,5.1
2012-05-07,8.8,7.4,5.6
2012-05-08,12.4,9.8,8.3
2012-05-09,12.6,9.7,7.2
2012-05-10,14.5,14.0,6.1
2012-05-11,11.8,8.8,5.9
2012-05-12,9.5,8.0,7.6
2012-05-13,10.2,9.4,8.0
2012-05-14,8.5,8.9,7.9
2012-05-15,7.4,7.5,6.8
2012-05-16,8.4,7.1,6.7
2012-05-17,10.2,8.3,6.8
2012-05-18,12.0,9.3,5.9
2012-05-19,13.0,8.0,6.6
2012-05-20,10.7,8.8,7.0
2012-05-21,12.4,11.2,8.7
2012-05-22,16.3,14.2,11.8
2012-05-23,18.1,15.6,13.6
2012-05-24,18.6,18.1,14.9
2012-05-25,17.7,17.1,13.4
2012-05-26,17.7,16.5,13.7
2012-05-27,18.2,16.8,14.5
2012-05-28,18.1,17.0,14.0
2012-05-29,17.0,14.2,11.4
2012-05-30,17.3,15.3,11.5
2012-05-31,15.4,13.1,11.2
2012-06-01,16.5,14.2,10.2
2012-06-02,13.3,11.8,8.4
2012-06-03,11.6,7.6,8.2
2012-06-04,10.6,9.5,9.2
2012-06-05,11.3,10.4,9.9
2012-06-06,14.6,13.2,10.6
2012-06-07,14.1,12.4,11.3
2012-06-08,13.4,12.0,11.9
2012-06-09,12.6,11.0,13.0
2012-06-10,12.6,12.7,10.6
2012-06-11,11.4,11.7,9.6
2012-06-12,11.6,11.0,9.8
2012-06-13,12.2,11.6,9.9
2012-06-14,13.0,12.3,10.2
2012-06-15,14.9,12.6,9.0
2012-06-16,14.2,13.4,9.2
2012-06-17,14.6,12.0,10.1
2012-06-18,14.3,12.9,11.3
2012-06-19,14.4,13.4,11.9
2012-06-20,15.7,14.2,11.3
2012-06-21,15.4,13.3,11.3
2012-06-22,14.2,11.6,12.8
2012-06-23,14.0,13.0,12.0
2012-06-24,15.0,12.3,13.1
2012-06-25,15.6,12.5,13.5
2012-06-26,16.7,15.0,13.0
2012-06-27,18.5,17.7,12.9
2012-06-28,19.8,17.9,14.5
2012-06-29,16.3,15.9,14.6
2012-06-30,16.3,13.9,13.8
2012-07-01,14.3,11.8,13.0
2012-07-02,15.0,14.0,12.6
2012-07-03,16.6,15.8,15.5
2012-07-04,17.7,16.8,16.0
2012-07-05,17.9,17.2,15.4
2012-07-06,15.8,15.3,15.4
2012-07-07,14.9,15.2,12.8
2012-07-08,16.1,15.3,13.0
2012-07-09,15.9,14.0,13.4
2012-07-10,15.1,12.8,11.5
2012-07-11,14.1,12.3,11.2
2012-07-12,13.5,13.0,12.2
2012-07-13,15.6,13.3,11.2
2012-07-14,14.1,12.7,11.5
2012-07-15,14.4,12.8,11.7
2012-07-16,14.8,13.7,13.7
2012-07-17,17.7,15.8,12.8
2012-07-18,16.1,15.4,12.2
2012-07-19,15.7,13.6,11.3
2012-07-20,14.3,12.3,12.1
2012-07-21,15.2,13.2,12.9
2012-07-22,16.1,16.4,15.7
2012-07-23,17.9,18.3,15.5
2012-07-24,19.9,19.0,14.9
2012-07-25,21.1,18.2,14.7
2012-07-26,19.1,17.9,13.8
2012-07-27,18.8,14.8,12.9
2012-07-28,15.6,12.9,12.4
2012-07-29,14.0,12.6,12.1
2012-07-30,14.2,11.9,11.8
2012-07-31,15.7,12.2,12.6
2012-08-01,17.1,16.5,15.9
2012-08-02,16.9,15.2,14.9
2012-08-03,16.1,15.1,14.2
2012-08-04,16.4,15.4,15.0
2012-08-05,15.7,14.3,13.8
2012-08-06,15.8,13.5,14.2
2012-08-07,15.3,14.4,14.4
2012-08-08,18.5,14.7,14.0
2012-08-09,18.9,15.1,14.1
2012-08-10,19.1,17.1,14.3
2012-08-11,17.7,15.9,14.2
2012-08-12,19.0,17.1,15.2
2012-08-13,17.6,17.9,16.9
2012-08-14,19.0,18.1,16.9
2012-08-15,18.8,17.5,15.4
2012-08-16,18.1,17.1,16.2
2012-08-17,20.9,17.8,16.2
2012-08-18,22.6,18.8,17.2
2012-08-19,22.5,17.1,15.7
2012-08-20,19.1,16.2,15.4
2012-08-21,17.6,14.8,14.9
2012-08-22,16.4,14.8,13.7
2012-08-23,15.8,14.6,13.6
2012-08-24,16.1,15.0,13.7
2012-08-25,16.7,15.4,13.0
2012-08-26,16.3,13.9,11.7
2012-08-27,16.2,14.0,13.3
2012-08-28,17.2,15.4,13.8
2012-08-29,15.2,14.2,13.3
2012-08-30,14.2,12.5,11.1
2012-08-31,12.5,11.1,10.3
2012-09-01,15.5,14.9,14.9
2012-09-02,15.2,15.0,14.6
2012-09-03,17.7,14.2,16.0
2012-09-04,17.1,14.0,14.0
2012-09-05,14.3,12.5,12.8
2012-09-06,14.5,12.7,12.7
2012-09-07,15.9,15.0,15.0
2012-09-08,15.9,16.2,15.2
2012-09-09,17.1,15.6,14.4
2012-09-10,17.4,15.8,12.5
2012-09-11,14.9,10.8,9.5
2012-09-12,12.6,10.7,10.3
2012-09-13,12.6,11.1,11.3
2012-09-14,15.2,13.4,12.2
2012-09-15,13.9,12.5,12.5
2012-09-16,15.3,13.1,11.9
2012-09-17,15.5,11.6,10.3
2012-09-18,13.1,10.0,8.9
2012-09-19,11.2,9.8,8.6
2012-09-20,12.3,11.3,8.4
2012-09-21,12.4,10.2,7.4
2012-09-22,10.6,7.8,7.1
2012-09-23,10.9,9.6,8.4
2012-09-24,12.5,10.3,9.4
2012-09-25,11.8,9.2,9.7
2012-09-26,11.9,11.1,10.9
2012-09-27,11.4,9.9,9.9
2012-09-28,12.1,10.7,10.0
2012-09-29,10.9,9.9,10.1
2012-09-30,11.7,12.3,12.0
2012-10-01,14.0,11.8,10.5
2012-10-02,12.9,10.9,9.4
2012-10-03,12.0,9.4,8.2
2012-10-04,10.9,9.1,7.6
2012-10-05,12.6,9.7,8.2
2012-10-06,10.6,9.0,8.1
2012-10-07,10.8,6.9,6.9
2012-10-08,10.9,9.4,7.0
2012-10-09,10.9,7.6,5.5
2012-10-10,10.9,8.3,6.0
2012-10-11,12.1,10.8,9.6
2012-10-12,10.6,9.1,8.8
2012-10-13,7.7,6.3,7.8
2012-10-14,6.6,6.2,7.1
2012-10-15,8.2,6.2,4.7
2012-10-16,11.0,7.9,4.7
2012-10-17,12.4,10.1,5.6
2012-10-18,13.1,11.2,8.0
2012-10-19,11.6,9.7,8.5
2012-10-20,11.0,9.3,8.0
2012-10-21,11.1,8.5,8.0
2012-10-22,13.7,10.2,6.7
2012-10-23,13.3,11.8,9.2
2012-10-24,13.0,11.0,8.3
2012-10-25,11.6,8.3,6.4
2012-10-26,7.1,4.3,2.2
2012-10-27,4.4,2.7,3.4
2012-10-28,5.4,6.8,7.3
2012-10-29,8.6,7.0,5.1
2012-10-30,6.9,5.7,6.5
2012-10-31,8.9,7.6,5.9
2012-11-01,7.2,4.4,3.6
2012-11-02,6.0,4.9,4.9
2012-11-03,5.7,3.7,3.0
2012-11-04,5.2,3.4,3.5
2012-11-05,5.5,3.3,1.6
2012-11-06,5.2,5.6,7.7
2012-11-07,7.0,8.1,8.6
2012-11-08,8.7,7.9,8.2
2012-11-09,7.6,7.5,7.8
2012-11-10,8.1,5.6,5.9
2012-11-11,3.8,5.3,4.2
2012-11-12,7.3,7.5,5.8
2012-11-13,10.7,11.1,11.7
2012-11-14,9.5,9.5,9.4
2012-11-15,7.0,7.0,7.7
2012-11-16,7.0,5.8,7.2
2012-11-17,9.8,5.9,5.3
2012-11-18,3.9,4.4,4.5
2012-11-19,7.5,7.8,8.9
2012-11-20,11.6,10.8,10.1
2012-11-21,8.7,6.4,7.0
2012-11-22,10.3,8.1,7.4
2012-11-23,7.1,5.7,5.4
2012-11-24,6.4,3.8,3.7
2012-11-25,9.3,5.9,4.5
2012-11-26,8.0,5.9,4.1
2012-11-27,6.4,5.7,3.9
2012-11-28,4.7,2.2,1.4
2012-11-29,1.6,-0.5,-0.6
2012-11-30,-0.2,-1.1,-0.1
2012-12-01,0.1,0.9,0.6
2012-12-02,-0.2,0.1,-0.2
2012-12-03,6.1,4.6,2.3
2012-12-04,2.9,3.7,1.4
2012-12-05,0.1,-0.6,-0.8
2012-12-06,0.2,0.3,1.2
2012-12-07,3.6,3.2,2.5
2012-12-08,3.3,3.8,3.9
2012-12-09,5.9,6.2,5.3
2012-12-10,2.7,0.7,1.3
2012-12-11,-0.6,-1.5,-2.2
2012-12-12,-1.3,-1.4,-1.1
2012-12-13,-0.9,-1.6,-0.2
2012-12-14,6.1,2.7,3.1
2012-12-15,7.2,5.8,5.5
2012-12-16,5.8,4.6,5.6
2012-12-17,5.6,5.4,4.7
2012-12-18,5.3,4.6,4.2
2012-12-19,5.0,4.5,5.0
2012-12-20,7.7,5.1,5.0
2012-12-21,6.5,5.8,4.8
2012-12-22,9.5,7.9,5.4
2012-12-23,10.8,8.6,7.4
2012-12-24,9.1,5.4,6.1
2012-12-25,7.4,5.6,4.3
2012-12-26,6.8,5.8,3.8
2012-12-27,6.3,4.3,1.8
2012-12-28,8.7,8.0,7.5
2012-12-29,9.5,8.3,7.4
2012-12-30,6.9,5.7,4.2
2012-12-31,10.1,8.4,6.8
2013-01-01,5.6,4.9,4.0
2013-01-02,6.3,7.4,7.4
2013-01-03,10.1,10.0,9.9
2013-01-04,8.7,8.1,9.1
2013-01-05,8.5,7.5,8.7
2013-01-06,7.0,7.9,7.2
2013-01-07,7.6,7.8,8.6
2013-01-08,8.8,7.9,8.4
2013-01-09,6.4,2.9,5.3
2013-01-10,1.8,1.6,3.5
2013-01-11,2.8,2.9,3.6
2013-01-12,2.7,2.0,2.1
2013-01-13,0.9,-0.3,0.9
2013-01-14,0.3,1.0,1.3
2013-01-15,0.4,-1.3,-0.6
2013-01-16,-2.3,-2.5,-1.2
2013-01-17,-2.1,-0.9,0.2
2013-01-18,-1.4,-1.2,0.5
2013-01-19,-0.3,-0.5,0.8
2013-01-20,-1.3,0.0,0.6
2013-01-21,-1.6,0.1,1.1
2013-01-22,-1.4,-1.1,1.1
2013-01-23,0.8,-1.5,0.0
2013-01-24,-0.4,-3.7,0.2
2013-01-25,-1.3,-2.2,1.0
2013-01-26,3.4,3.3,3.3
2013-01-27,7.5,6.1,5.1
2013-01-28,6.0,5.2,4.9
2013-01-29,10.9,8.8,7.3
2013-01-30,9.8,6.9,5.8
2013-01-31,8.2,6.2,4.4
2013-02-01,5.1,4.4,3.6
2013-02-02,2.4,0.3,0.7
2013-02-03,3.9,4.6,6.0
2013-02-04,7.8,5.6,3.5
2013-02-05,3.5,2.0,2.6
2013-02-06,3.4,2.7,2.4
2013-02-07,1.8,0.7,1.5
2013-02-08,1.2,1.5,3.0
2013-02-09,1.5,1.8,3.1
2013-02-10,2.5,1.6,2.4
2013-02-11,1.1,0.7,2.4
2013-02-12,1.0,0.6,1.8
2013-02-13,0.6,0.1,1.7
2013-02-14,6.5,5.3,6.1
2013-02-15,4.4,4.8,6.0
2013-02-16,4.8,3.4,5.2
2013-02-17,3.5,3.4,4.3
2013-02-18,3.1,2.6,1.7
2013-02-19,0.8,1.6,1.9
2013-02-20,2.0,1.8,3.4
2013-02-21,0.6,0.3,1.2
2013-02-22,0.2,-0.7,0.1
2013-02-23,0.2,0.0,0.6
2013-02-24,0.4,0.3,1.7
2013-02-25,2.6,2.7,2.5
2013-02-26,3.5,2.9,2.7
2013-02-27,2.9,2.3,2.2
2013-02-28,3.5,2.7,3.1
2013-03-01,3.9,3.8,3.2
2013-03-02,2.2,2.2,5.1
2013-03-03,2.6,3.3,5.3
2013-03-04,3.5,3.2,3.6
2013-03-05,5.9,3.8,2.5
2013-03-06,7.5,4.4,3.2
2013-03-07,8.0,5.7,4.3
2013-03-08,8.4,5.2,3.6
2013-03-09,5.7,2.9,2.5
2013-03-10,2.0,0.8,0.4
2013-03-11,-0.3,-1.6,-1.2
2013-03-12,0.1,0.5,0.8
2013-03-13,1.8,0.8,1.4
2013-03-14,1.0,1.5,1.7
2013-03-15,4.5,3.9,4.1
2013-03-16,6.0,3.9,1.3
2013-03-17,4.5,1.9,2.4
2013-03-18,3.1,1.3,1.9
2013-03-19,3.3,1.9,0.9
2013-03-20,3.2,2.4,1.0
2013-03-21,3.1,1.4,0.1
2013-03-22,3.1,0.9,1.1
2013-03-23,1.5,-0.4,0.6
2013-03-24,-0.0,-1.1,0.6
2013-03-25,0.4,-0.3,0.8
2013-03-26,0.3,-0.4,0.6
2013-03-27,0.8,-0.3,0.5
2013-03-28,0.9,-0.7,0.8
2013-03-29,0.1,-0.3,-0.4
2013-03-30,1.2,0.1,-0.5
2013-03-31,0.6,-0.3,1.1
2013-04-01,1.8,0.8,1.2
2013-04-02,2.5,1.6,1.5
2013-04-03,1.7,2.2,2.2
2013-04-04,1.8,2.5,3.4
2013-04-05,3.2,3.1,3.3
2013-04-06,3.3,2.7,3.0
2013-04-07,3.3,3.9,2.6
2013-04-08,4.8,3.4,2.7
2013-04-09,4.8,4.1,2.7
2013-04-10,6.1,5.3,3.3
2013-04-11,7.1,4.4,3.9
2013-04-12,8.3,6.6,3.2
2013-04-13,8.3,8.1,6.0
2013-04-14,13.4,12.8,11.2
2013-04-15,11.3,12.0,10.3
2013-04-16,11.3,10.8,8.9
2013-04-17,11.8,10.2,8.1
2013-04-18,9.9,8.9,8.1
2013-04-19,8.3,7.5,6.7
2013-04-20,5.7,7.4,8.0
2013-04-21,7.1,7.0,7.3
2013-04-22,9.4,8.5,7.7
2013-04-23,13.1,9.6,8.8
2013-04-24,12.5,10.0,8.7
2013-04-25,14.1,8.4,6.5
2013-04-26,8.5,5.6,5.4
2013-04-27,5.9,5.5,5.7
2013-04-28,6.3,6.1,6.6
2013-04-29,9.1,6.8,6.9
2013-04-30,7.8,7.9,6.6
2013-05-01,8.4,8.0,7.6
2013-05-02,9.1,8.8,7.9
2013-05-03,11.1,9.9,9.1
2013-05-04,10.9,10.3,7.1
2013-05-05,11.4,11.6,11.2
2013-05-06,13.2,11.3,11.6
2013-05-07,13.8,14.3,11.9
2013-05-08,12.8,12.8,10.3
2013-05-09,10.5,8.6,8.7
2013-05-10,12.3,9.9,9.1
2013-05-11,10.2,7.5,7.9
2013-05-12,9.7,8.6,7.9
2013-05-13,10.8,7.8,5.9
2013-05-14,8.7,7.7,6.9
2013-05-15,8.9,6.5,6.7
2013-05-16,9.5,8.5,7.4
2013-05-17,9.1,9.3,9.4
2013-05-18,11.0,8.4,11.1
2013-05-19,12.7,10.8,12.3
2013-05-20,13.5,12.8,14.8
2013-05-21,12.7,11.6,11.7
2013-05-22,11.2,9.2,8.9
2013-05-23,8.0,7.2,6.4
2013-05-24,7.0,8.0,8.2
2013-05-25,9.5,9.0,9.8
2013-05-26,11.5,10.5,11.1
2013-05-27,11.0,9.4,9.3
2013-05-28,10.7,10.4,10.2
2013-05-29,10.8,11.1,12.2
2013-05-30,12.4,12.6,12.9
2013-05-31,14.6,11.9,12.4
2013-06-01,12.7,10.5,10.5
2013-06-02,12.7,10.6,10.6
2013-06-03,11.9,13.3,13.1
2013-06-04,12.0,13.1,12.6
2013-06-05,12.6,12.6,12.2
2013-06-06,13.3,13.3,12.9
2013-06-07,14.0,14.3,11.6
2013-06-08,12.4,13.4,12.4
2013-06-09,12.5,12.8,11.6
2013-06-10,12.3,12.4,11.4
2013-06-11,13.3,13.6,12.6
2013-06-12,15.2,15.3,13.0
2013-06-13,14.4,13.0,12.2
2013-06-14,13.5,12.8,12.4
2013-06-15,13.8,12.3,11.0
2013-06-16,13.5,13.4,12.5
2013-06-17,15.0,14.9,13.3
2013-06-18,17.2,16.3,14.9
2013-06-19,19.0,15.7,13.6
2013-06-20,17.1,13.9,14.7
2013-06-21,16.6,15.3,15.1
2013-06-22,14.3,13.4,12.9
2013-06-23,14.7,12.0,12.9
2013-06-24,12.8,11.6,12.0
2013-06-25,14.1,12.7,12.1
2013-06-26,16.0,12.8,13.2
2013-06-27,14.4,11.7,11.6
2013-06-28,15.5,13.2,13.1
2013-06-29,15.7,12.9,12.0
2013-06-30,18.4,15.3,13.3
2013-07-01,16.2,12.5,12.0
2013-07-02,14.4,13.2,11.9
2013-07-03,16.4,14.3,14.3
2013-07-04,17.0,15.1,14.6
2013-07-05,18.2,16.2,15.1
2013-07-06,18.9,17.9,16.8
2013-07-07,20.4,18.4,17.9
2013-07-08,18.8,18.6,17.5
2013-07-09,18.0,18.6,19.5
2013-07-10,17.1,17.3,14.8
2013-07-11,15.2,16.0,17.7
2013-07-12,17.1,18.3,20.5
2013-07-13,21.7,18.9,17.4
2013-07-14,22.1,15.9,16.4
2013-07-15,21.8,16.6,16.4
2013-07-16,22.8,17.5,18.1
2013-07-17,22.9,18.8,18.6
2013-07-18,21.0,20.9,19.9
2013-07-19,20.3,21.8,18.0
2013-07-20,18.8,18.6,16.2
2013-07-21,20.2,17.3,15.0
2013-07-22,23.9,20.1,16.1
2013-07-23,22.9,19.7,16.4
2013-07-24,20.3,18.7,17.9
2013-07-25,19.7,19.1,16.2
2013-07-26,19.6,17.9,17.0
2013-07-27,19.9,18.9,16.7
2013-07-28,18.7,17.4,15.3
2013-07-29,17.8,16.9,15.4
2013-07-30,16.8,16.4,14.4
2013-07-31,18.6,16.0,14.9
2013-08-01,22.9,21.0,17.3
2013-08-02,19.4,18.8,17.8
2013-08-03,18.0,16.8,15.0
2013-08-04,17.9,16.1,15.3
2013-08-05,18.2,15.8,14.8
2013-08-06,16.8,14.2,14.0
2013-08-07,17.1,15.3,14.8
2013-08-08,16.7,15.9,15.4
2013-08-09,18.3,15.1,15.0
2013-08-10,16.8,14.4,13.5
2013-08-11,18.1,14.3,12.9
2013-08-12,16.2,13.4,13.3
2013-08-13,15.2,13.2,13.0
2013-08-14,16.5,15.1,15.3
2013-08-15,19.2,18.1,16.6
2013-08-16,17.8,16.2,15.1
2013-08-17,16.6,15.4,14.8
2013-08-18,18.6,14.6,13.0
2013-08-19,16.9,14.7,13.8
2013-08-20,17.6,15.7,14.6
2013-08-21,18.1,16.4,16.4
2013-08-22,18.6,17.9,15.1
2013-08-23,20.1,18.6,16.3
2013-08-24,16.8,15.2,15.5
2013-08-25,17.1,17.2,15.2
2013-08-26,18.1,17.7,15.6
2013-08-27,16.0,16.1,15.1
2013-08-28,16.2,14.4,13.3
2013-08-29,17.9,15.5,14.4
2013-08-30,18.4,17.0,14.7
2013-08-31,16.0,12.8,12.1
2013-09-01,14.7,13.1,13.3
2013-09-02,16.9,15.4,15.5
2013-09-03,18.4,17.2,16.0
2013-09-04,18.7,16.9,15.3
2013-09-05,20.4,15.1,13.2
2013-09-06,15.1,12.0,10.4
2013-09-07,13.5,11.1,11.6
2013-09-08,11.7,10.5,11.0
2013-09-09,11.6,10.7,11.2
2013-09-10,12.6,11.4,12.6
2013-09-11,13.4,11.3,11.8
2013-09-12,14.2,14.6,13.9
2013-09-13,16.1,11.9,11.1
2013-09-14,11.4,10.8,10.5
2013-09-15,11.4,10.6,10.4
2013-09-16,11.0,9.2,8.9
2013-09-17,11.1,9.2,9.6
2013-09-18,12.1,9.8,9.2
2013-09-19,12.2,11.4,8.9
2013-09-20,13.3,12.0,11.2
2013-09-21,13.7,13.3,14.1
2013-09-22,16.8,14.9,15.4
2013-09-23,16.5,14.0,13.7
2013-09-24,15.0,15.3,12.3
2013-09-25,15.7,14.0,11.1
2013-09-26,14.3,12.8,10.2
2013-09-27,12.6,13.4,12.4
2013-09-28,14.3,12.7,12.1
2013-09-29,14.3,12.1,11.4
2013-09-30,14.8,12.3,11.7
2013-10-01,14.4,12.9,11.7
2013-10-02,15.3,14.1,12.3
2013-10-03,16.2,16.2,15.0
2013-10-04,17.1,15.1,14.1
2013-10-05,15.2,13.2,13.1
2013-10-06,13.7,13.1,15.2
2013-10-07,13.4,15.5,16.2
2013-10-08,15.6,14.2,13.3
2013-10-09,13.3,10.5,8.9
2013-10-10,9.2,7.7,7.2
2013-10-11,11.2,10.4,8.2
2013-10-12,11.2,11.1,9.5
2013-10-13,9.6,10.3,9.8
2013-10-14,9.0,9.7,10.1
2013-10-15,9.5,10.2,9.4
2013-10-16,9.9,9.5,9.2
2013-10-17,13.0,11.6,9.3
2013-10-18,12.6,11.7,10.2
2013-10-19,13.9,13.1,12.2
2013-10-20,13.3,12.8,12.2
2013-10-21,14.9,13.5,11.6
2013-10-22,15.8,14.7,13.5
2013-10-23,13.6,11.7,11.0
2013-10-24,11.2,10.7,9.3
2013-10-25,15.4,13.3,11.3
2013-10-26,15.0,13.2,11.0
2013-10-27,13.4,10.9,9.2
2013-10-28,12.5,9.1,8.5
2013-10-29,8.9,8.1,7.5
2013-10-30,9.2,9.0,7.7
2013-10-31,12.4,9.5,8.0
2013-11-01,11.9,8.4,7.2
2013-11-02,11.4,6.6,5.6
2013-11-03,8.7,6.0,5.7
2013-11-04,7.1,4.0,4.1
2013-11-05,7.8,6.1,2.2
2013-11-06,10.7,7.6,5.2
2013-11-07,10.1,7.1,5.9
2013-11-08,7.4,5.8,5.6
2013-11-09,5.4,4.5,3.3
2013-11-10,5.0,3.2,3.0
2013-11-11,8.9,8.4,7.9
2013-11-12,9.6,8.2,7.0
2013-11-13,5.1,6.9,7.3
2013-11-14,7.1,6.4,6.1
2013-11-15,4.7,5.5,7.9
2013-11-16,4.0,7.8,9.3
2013-11-17,6.1,8.8,5.1
2013-11-18,7.7,6.6,4.8
2013-11-19,2.6,1.6,1.2
2013-11-20,2.4,4.7,4.6
2013-11-21,4.5,5.4,2.0
2013-11-22,4.7,3.6,-0.1
2013-11-23,4.6,0.5,1.9
2013-11-24,4.5,1.4,2.1
2013-11-25,4.0,0.8,0.0
2013-11-26,2.4,4.1,6.5
2013-11-27,6.5,7.8,8.9
2013-11-28,7.2,6.8,4.7
2013-11-29,7.2,6.8,6.2
2013-11-30,5.0,3.6,4.8
2013-12-01,3.8,6.9,6.1
2013-12-02,5.3,4.9,5.6
2013-12-03,3.3,4.1,7.9
2013-12-04,4.2,5.7,4.2
2013-12-05,4.5,5.0,3.9
2013-12-06,4.3,4.0,0.2
2013-12-07,5.8,6.4,4.5
2013-12-08,7.3,8.0,9.5
2013-12-09,6.5,8.0,9.7
2013-12-10,3.8,5.3,9.2
2013-12-11,2.8,4.4,9.0
2013-12-12,5.4,7.9,10.8
2013-12-13,8.7,9.7,10.4
2013-12-14,7.4,7.4,7.6
2013-12-15,10.7,9.0,6.7
2013-12-16,11.2,8.2,5.9
2013-12-17,6.2,3.6,4.7
2013-12-18,8.1,6.7,7.8
2013-12-19,5.8,4.1,3.9
2013-12-20,5.6,5.8,5.8
2013-12-21,10.1,8.6,6.6
2013-12-22,6.9,4.7,3.2
2013-12-23,8.3,6.5,4.5
2013-12-24,8.2,5.3,4.6
2013-12-25,4.5,2.7,4.7
2013-12-26,4.2,1.7,3.8
2013-12-27,8.9,7.0,5.4
2013-12-28,4.6,4.4,4.6
2013-12-29,2.5,4.5,4.4
2013-12-30,7.7,7.1,6.1
2013-12-31,7.4,5.8,4.9
2014-01-01,8.1,6.8,5.4
2014-01-02,7.9,6.4,5.8
2014-01-03,8.2,6.4,5.8
2014-01-04,6.9,4.5,4.6
2014-01-05,5.3,4.3,4.0
2014-01-06,10.6,8.7,7.4
2014-01-07,9.5,7.9,7.4
2014-01-08,8.7,7.2,6.6
2014-01-09,8.1,5.1,4.2
2014-01-10,5.3,5.2,4.6
2014-01-11,5.2,3.2,2.3
2014-01-12,3.6,1.9,1.8
2014-01-13,6.4,4.9,3.8
2014-01-14,4.0,3.8,2.1
2014-01-15,8.9,8.0,6.1
2014-01-16,7.8,6.1,5.5
2014-01-17,7.1,5.2,4.8
2014-01-18,7.5,5.9,4.9
2014-01-19,5.2,4.8,5.3
2014-01-20,3.4,2.5,3.8
2014-01-21,4.2,3.7,3.8
2014-01-22,6.5,5.9,5.7
2014-01-23,3.5,3.7,3.7
2014-01-24,3.9,3.8,3.7
2014-01-25,7.4,5.8,5.6
2014-01-26,4.7,3.5,3.1
2014-01-27,3.8,3.5,3.1
2014-01-28,5.5,4.7,4.3
2014-01-29,3.9,4.1,4.6
2014-01-30,4.1,1.9,2.0
2014-01-31,4.2,3.8,2.8
2014-02-01,6.4,4.5,3.7
2014-02-02,6.0,5.6,5.1
2014-02-03,5.4,5.2,5.7
2014-02-04,6.0,4.7,3.9
2014-02-05,7.0,5.8,4.8
2014-02-06,7.3,5.7,4.3
2014-02-07,6.8,4.1,2.7
2014-02-08,7.0,6.0,4.4
2014-02-09,5.7,5.0,4.9
2014-02-10,4.7,1.6,4.0
2014-02-11,4.5,2.4,2.1
2014-02-12,5.0,3.4,2.0
2014-02-13,4.6,3.6,3.3
2014-02-14,5.9,4.4,4.0
2014-02-15,7.7,5.0,4.3
2014-02-16,4.5,4.4,3.2
2014-02-17,6.6,6.0,3.6
2014-02-18,7.6,6.6,6.2
2014-02-19,6.8,7.1,5.5
2014-02-20,8.8,7.6,6.6
2014-02-21,5.7,4.4,4.6
2014-02-22,6.8,6.6,6.2
2014-02-23,9.6,10.2,8.8
2014-02-24,9.3,8.8,6.0
2014-02-25,8.1,7.0,6.6
2014-02-26,6.2,5.7,5.6
2014-02-27,6.8,5.2,4.6
2014-02-28,4.3,3.0,3.5
2014-03-01,4.5,3.2,4.1
2014-03-02,6.3,6.2,4.5
2014-03-03,5.1,4.0,4.5
2014-03-04,4.4,3.9,4.6
2014-03-05,5.7,5.4,6.1
2014-03-06,7.6,8.0,8.1
2014-03-07,9.1,7.1,6.2
2014-03-08,9.1,7.6,6.5
2014-03-09,10.2,9.3,7.4
2014-03-10,7.6,7.3,5.4
2014-03-11,6.8,4.6,5.3
2014-03-12,7.3,6.1,4.9
2014-03-13,7.1,5.8,7.4
2014-03-14,7.9,6.1,7.6
2014-03-15,10.0,7.7,8.1
2014-03-16,10.2,7.6,8.4
2014-03-17,9.5,7.8,8.2
2014-03-18,9.4,8.0,7.7
2014-03-19,9.4,9.1,9.8
2014-03-20,9.1,6.9,6.4
2014-03-21,7.9,5.7,4.9
2014-03-22,6.7,4.5,3.5
2014-03-23,5.1,4.7,3.9
2014-03-24,4.7,4.3,4.0
2014-03-25,6.2,5.7,6.1
2014-03-26,3.9,4.4,5.4
2014-03-27,4.8,4.8,5.4
2014-03-28,7.6,7.0,5.4
2014-03-29,11.1,10.0,5.9
2014-03-30,12.3,11.2,6.2
2014-03-31,12.6,10.8,5.9
2014-04-01,12.3,10.5,5.8
2014-04-02,12.9,9.2,5.7
2014-04-03,12.8,8.9,6.2
2014-04-04,12.6,9.5,6.9
2014-04-05,10.6,10.0,9.2
2014-04-06,12.6,12.0,10.8
2014-04-07,12.4,8.4,7.3
2014-04-08,8.6,7.2,7.2
2014-04-09,9.2,9.1,9.3
2014-04-10,10.2,9.3,8.7
2014-04-11,11.1,8.2,6.9
2014-04-12,9.8,7.7,8.1
2014-04-13,11.1,8.5,7.6
2014-04-14,9.8,8.7,7.7
2014-04-15,7.0,8.3,8.3
2014-04-16,8.2,8.9,9.6
2014-04-17,10.9,8.7,8.8
2014-04-18,8.2,7.0,7.1
2014-04-19,7.9,6.6,8.2
2014-04-20,10.4,8.8,7.0
2014-04-21,11.6,11.8,9.2
2014-04-22,11.7,10.6,8.6
2014-04-23,11.7,10.9,11.0
2014-04-24,11.7,10.8,10.4
2014-04-25,10.8,9.8,8.0
2014-04-26,10.7,11.0,9.9
2014-04-27,10.7,10.3,9.9
2014-04-28,11.7,11.9,10.4
2014-04-29,11.4,12.2,11.7
2014-04-30,11.6,12.2,8.2
2014-05-01,10.2,9.8,5.9
2014-05-02,10.0,8.3,6.5
2014-05-03,8.2,8.6,8.5
2014-05-04,9.5,11.2,11.0
2014-05-05,11.8,11.6,10.9
2014-05-06,13.0,11.8,11.1
2014-05-07,12.2,10.6,9.3
2014-05-08,11.9,10.6,10.0
2014-05-09,12.7,10.8,10.5
2014-05-10,11.8,10.7,8.7
2014-05-11,10.5,9.8,9.6
2014-05-12,10.7,9.6,8.4
2014-05-13,10.6,9.9,9.6
2014-05-14,12.0,10.7,10.5
2014-05-15,13.0,12.5,12.4
2014-05-16,13.9,14.4,13.4
2014-05-17,16.1,14.6,13.1
2014-05-18,16.2,15.7,13.9
2014-05-19,18.4,16.2,13.4
2014-05-20,15.5,15.5,12.0
2014-05-21,14.0,13.7,13.5
2014-05-22,14.3,11.6,9.1
2014-05-23,13.5,11.8,8.7
2014-05-24,12.0,11.2,9.8
2014-05-25,12.8,11.1,10.7
2014-05-26,11.8,13.0,12.1
2014-05-27,11.9,12.6,11.1
2014-05-28,12.0,11.2,11.1
2014-05-29,14.7,10.7,10.5
2014-05-30,13.1,12.2,11.4
2014-05-31,13.3,13.4,12.7
2014-06-01,15.5,14.4,13.9
2014-06-02,15.3,14.3,13.4
2014-06-03,14.3,13.1,13.0
2014-06-04,12.4,11.6,10.6
2014-06-05,13.2,11.3,12.0
2014-06-06,15.3,14.3,13.5
2014-06-07,17.5,14.8,12.8
2014-06-08,17.3,15.7,14.5
2014-06-09,19.0,16.3,13.6
2014-06-10,16.4,14.9,13.6
2014-06-11,15.7,14.8,14.5
2014-06-12,17.6,14.9,15.4
2014-06-13,18.9,16.0,16.0
2014-06-14,16.9,15.9,14.8
2014-06-15,14.8,14.4,13.0
2014-06-16,14.1,14.3,14.2
2014-06-17,14.5,14.8,16.4
2014-06-18,15.4,16.4,17.5
2014-06-19,15.8,15.5,15.2
2014-06-20,15.0,14.6,14.2
2014-06-21,17.6,14.2,15.0
2014-06-22,18.1,15.7,14.8
2014-06-23,18.2,16.4,15.3
2014-06-24,17.7,14.9,13.2
2014-06-25,15.4,14.6,12.4
2014-06-26,15.7,15.0,12.1
2014-06-27,16.3,12.4,11.2
2014-06-28,15.3,12.3,11.3
2014-06-29,14.4,12.8,11.4
2014-06-30,14.9,14.0,13.2
2014-07-01,16.4,15.7,14.7
2014-07-02,17.1,16.7,15.3
2014-07-03,18.8,16.9,14.3
2014-07-04,18.9,16.3,14.9
2014-07-05,17.8,14.7,13.2
2014-07-06,16.5,13.9,13.5
2014-07-07,16.0,14.3,13.7
2014-07-08,16.0,14.6,13.9
2014-07-09,17.1,15.1,15.7
2014-07-10,15.4,15.8,15.7
2014-07-11,15.7,16.5,16.8
2014-07-12,18.6,18.3,16.2
2014-07-13,18.3,16.1,16.5
2014-07-14,17.2,16.1,14.5
2014-07-15,19.8,16.1,15.1
2014-07-16,19.8,16.7,15.0
2014-07-17,20.5,18.4,15.8
2014-07-18,22.9,19.7,15.3
2014-07-19,22.0,18.7,16.1
2014-07-20,20.3,17.2,17.9
2014-07-21,20.1,17.5,16.6
2014-07-22,19.6,18.8,17.5
2014-07-23,20.6,19.0,16.0
2014-07-24,20.9,19.6,16.5
2014-07-25,20.3,19.5,17.6
2014-07-26,21.8,19.6,17.8
2014-07-27,20.8,16.0,14.9
2014-07-28,18.0,16.9,15.8
2014-07-29,20.0,15.5,15.3
2014-07-30,18.9,16.4,15.6
2014-07-31,19.1,17.0,15.0
2014-08-01,18.8,16.3,14.8
2014-08-02,17.9,16.5,13.6
2014-08-03,17.0,15.4,15.1
2014-08-04,17.4,15.4,14.6
2014-08-05,18.0,15.6,14.7
2014-08-06,19.6,17.0,15.3
2014-08-07,18.9,15.5,14.7
2014-08-08,18.0,15.3,14.3
2014-08-09,17.3,15.7,14.2
2014-08-10,16.6,13.3,12.9
2014-08-11,15.7,14.1,12.7
2014-08-12,15.3,13.7,12.4
2014-08-13,16.2,14.3,14.6
2014-08-14,14.9,13.8,13.8
2014-08-15,15.0,13.9,13.1
2014-08-16,15.2,14.1,13.1
2014-08-17,15.2,13.2,12.7
2014-08-18,14.5,12.9,12.0
2014-08-19,13.0,11.5,11.4
2014-08-20,12.9,11.4,10.9
2014-08-21,13.0,11.9,11.2
2014-08-22,14.8,12.2,10.9
2014-08-23,13.0,11.4,11.1
2014-08-24,12.8,12.1,10.7
2014-08-25,14.1,12.4,11.0
2014-08-26,15.1,13.8,11.5
2014-08-27,15.9,14.0,11.2
2014-08-28,17.6,16.1,14.9
2014-08-29,16.5,14.7,14.0
2014-08-30,16.7,14.2,14.0
2014-08-31,15.5,14.0,14.2
2014-09-01,15.0,14.5,14.7
2014-09-02,16.2,14.8,13.8
2014-09-03,17.0,16.3,15.1
2014-09-04,17.1,16.1,15.9
2014-09-05,16.9,15.6,14.2
2014-09-06,16.8,14.2,12.6
2014-09-07,15.2,11.7,12.2
2014-09-08,15.2,11.2,12.2
2014-09-09,14.9,11.8,12.8
2014-09-10,14.7,14.2,13.4
2014-09-11,14.4,14.4,14.1
2014-09-12,15.8,13.2,13.4
2014-09-13,15.5,14.8,14.4
2014-09-14,15.9,13.5,13.0
2014-09-15,16.4,15.4,13.3
2014-09-16,17.1,16.1,14.1
2014-09-17,17.1,15.7,13.6
2014-09-18,18.8,17.0,14.6
2014-09-19,17.5,16.4,14.2
2014-09-20,16.7,15.1,13.3
2014-09-21,14.3,12.6,11.2
2014-09-22,12.4,11.4,12.2
2014-09-23,12.8,12.9,12.4
2014-09-24,13.7,12.4,11.6
2014-09-25,13.6,13.4,14.0
2014-09-26,17.0,13.7,13.3
2014-09-27,16.7,11.8,12.9
2014-09-28,17.2,14.9,14.8
2014-09-29,16.4,14.0,14.3
2014-09-30,16.4,15.0,14.8
2014-10-01,17.2,14.1,12.9
2014-10-02,15.8,11.3,11.3
2014-10-03,15.7,15.0,12.2
2014-10-04,13.0,10.8,9.3
2014-10-05,9.8,10.1,10.1
2014-10-06,10.9,9.9,9.6
2014-10-07,10.7,7.2,7.9
2014-10-08,12.6,9.8,9.9
2014-10-09,13.5,11.0,9.4
2014-10-10,12.6,10.7,9.2
2014-10-11,12.2,9.3,8.5
2014-10-12,10.7,9.2,8.3
2014-10-13,12.8,10.4,8.1
2014-10-14,12.5,10.7,8.3
2014-10-15,12.5,11.8,8.9
2014-10-16,13.8,12.4,10.6
2014-10-17,15.3,14.3,12.9
2014-10-18,17.5,16.3,14.7
2014-10-19,16.1,14.1,12.5
2014-10-20,13.7,11.7,11.0
2014-10-21,11.6,9.4,8.9
2014-10-22,10.0,10.0,9.4
2014-10-23,12.8,12.1,12.2
2014-10-24,14.4,11.6,9.3
2014-10-25,11.5,10.5,10.1
2014-10-26,12.0,12.8,11.9
2014-10-27,13.4,14.2,14.2
2014-10-28,13.5,13.4,10.6
2014-10-29,13.3,8.3,6.6
2014-10-30,14.7,13.7,10.6
2014-10-31,15.8,16.2,15.2
2014-11-01,14.7,13.2,11.3
2014-11-02,13.3,11.3,9.6
2014-11-03,8.9,7.9,6.6
2014-11-04,7.5,5.2,6.8
2014-11-05,6.6,5.6,5.0
2014-11-06,6.8,6.7,7.0
2014-11-07,10.6,9.5,9.1
2014-11-08,10.2,8.3,7.7
2014-11-09,8.5,6.7,6.9
2014-11-10,9.4,7.7,6.3
2014-11-11,10.9,10.2,9.4
2014-11-12,10.8,9.9,10.1
2014-11-13,11.1,10.5,9.3
2014-11-14,10.5,10.0,9.2
2014-11-15,8.6,7.5,5.3
2014-11-16,9.0,8.3,5.4
2014-11-17,8.1,8.8,9.1
2014-11-18,8.2,8.7,8.7
2014-11-19,8.3,8.9,8.6
2014-11-20,8.2,7.9,8.1
2014-11-21,7.8,6.8,7.4
2014-11-22,11.5,9.8,8.7
2014-11-23,8.6,6.3,5.5
2014-11-24,2.8,3.9,6.4
2014-11-25,5.3,2.4,5.9
2014-11-26,8.1,6.4,4.7
2014-11-27,9.1,6.9,6.9
2014-11-28,10.1,9.0,8.4
2014-11-29,8.4,9.0,8.9
2014-11-30,8.3,8.5,7.1
2014-12-01,6.6,6.9,6.2
2014-12-02,6.5,4.4,3.4
2014-12-03,6.5,0.4,4.3
2014-12-04,4.0,2.1,5.1
2014-12-05,4.0,3.1,3.0
2014-12-06,1.0,3.3,5.3
2014-12-07,5.7,6.0,4.2
2014-12-08,3.1,2.7,2.2
2014-12-09,3.9,4.4,5.1
2014-12-10,7.0,4.7,3.3
2014-12-11,6.4,4.1,2.4
2014-12-12,6.5,3.4,1.6
2014-12-13,1.0,1.3,1.5
2014-12-14,4.4,5.7,5.4
2014-12-15,5.7,4.4,3.0
2014-12-16,2.9,5.0,2.6
2014-12-17,10.1,9.6,7.9
2014-12-18,11.4,11.1,7.9
2014-12-19,8.7,6.2,4.2
2014-12-20,5.7,6.2,5.2
2014-12-21,7.2,8.5,8.5
2014-12-22,10.8,10.9,7.6
2014-12-23,10.4,10.7,5.8
2014-12-24,8.2,5.8,4.5
2014-12-25,3.8,4.3,1.2
2014-12-26,2.6,2.5,-0.5
2014-12-27,2.6,0.3,0.1
2014-12-28,1.5,0.0,-1.4
2014-12-29,-0.2,-0.2,0.0
2014-12-30,-0.5,0.9,4.5
2014-12-31,2.0,2.7,7.5
2015-01-01,7.8,10.4,9.7
2015-01-02,7.5,6.1,4.3
2015-01-03,4.0,3.2,3.1
2015-01-04,2.2,0.5,3.4
2015-01-05,6.5,5.6,7.5
2015-01-06,6.2,5.6,5.8
2015-01-07,5.4,6.2,7.3
2015-01-08,8.3,6.3,4.4
2015-01-09,11.1,10.1,7.1
2015-01-10,9.0,6.9,5.1
2015-01-11,5.3,4.6,3.4
2015-01-12,9.7,6.7,4.9
2015-01-13,7.3,3.4,1.4
2015-01-14,4.4,2.6,1.9
2015-01-15,7.3,5.5,4.6
2015-01-16,3.6,2.3,1.7
2015-01-17,0.8,1.3,0.7
2015-01-18,1.0,-0.4,0.9
2015-01-19,0.7,-1.9,-0.8
2015-01-20,0.4,-1.1,0.2
2015-01-21,2.4,1.2,0.6
2015-01-22,1.0,-1.6,1.2
2015-01-23,1.0,1.8,4.5
2015-01-24,3.8,3.4,3.0
2015-01-25,3.2,4.9,6.6
2015-01-26,6.8,5.9,4.6
2015-01-27,4.8,5.1,5.8
2015-01-28,5.7,4.3,3.3
2015-01-29,2.0,1.0,0.4
2015-01-30,1.8,1.0,1.3
2015-01-31,1.4,1.3,2.4
2015-02-01,1.9,-0.8,0.6
2015-02-02,-1.2,-3.1,0.2
2015-02-03,0.8,-3.3,0.1
2015-02-04,1.5,-1.6,0.6
2015-02-05,1.4,-0.1,2.8
2015-02-06,1.6,-0.8,1.0
2015-02-07,3.0,-0.1,2.4
2015-02-08,3.4,0.3,2.9
2015-02-09,3.6,4.0,5.6
2015-02-10,3.2,2.7,4.1
2015-02-11,3.6,2.3,3.1
2015-02-12,2.7,2.4,4.4
2015-02-13,5.6,5.0,4.2
2015-02-14,5.9,6.3,5.8
2015-02-15,5.6,6.5,6.4
2015-02-16,5.3,4.9,4.5
2015-02-17,3.7,3.9,4.8
2015-02-18,3.4,5.4,8.2
2015-02-19,5.7,5.9,6.0
2015-02-20,5.3,3.3,3.1
2015-02-21,2.1,2.5,2.1
2015-02-22,2.9,2.9,1.7
2015-02-23,5.0,3.8,2.7
2015-02-24,5.2,4.0,3.6
2015-02-25,6.6,6.4,4.6
2015-02-26,8.1,6.8,5.8
2015-02-27,3.9,4.1,4.1
2015-02-28,7.0,7.1,6.3
2015-03-01,7.9,4.7,4.2
2015-03-02,4.3,2.8,2.0
2015-03-03,4.3,3.0,2.0
2015-03-04,4.4,4.1,4.5
2015-03-05,4.4,5.5,7.2
2015-03-06,5.4,6.5,8.0
2015-03-07,8.4,8.9,9.7
2015-03-08,8.4,6.6,7.0
2015-03-09,6.9,4.6,5.1
2015-03-10,6.8,5.1,5.2
2015-03-11,6.1,5.3,3.4
2015-03-12,7.7,8.4,5.0
2015-03-13,6.9,4.6,4.5
2015-03-14,4.9,3.5,3.4
2015-03-15,5.5,5.0,3.2
2015-03-16,5.4,5.2,4.7
2015-03-17,6.4,4.7,5.0
2015-03-18,5.8,3.8,5.9
2015-03-19,6.0,4.7,5.9
2015-03-20,6.3,5.9,7.6
2015-03-21,6.4,5.0,5.2
2015-03-22,4.5,3.4,6.3
2015-03-23,5.1,5.0,6.9
2015-03-24,5.8,3.3,4.2
2015-03-25,4.2,3.5,3.1
2015-03-26,6.7,5.2,4.3
2015-03-27,6.8,5.8,4.8
2015-03-28,10.0,8.8,6.4
2015-03-29,9.9,6.2,4.3
2015-03-30,8.0,6.0,4.4
2015-03-31,9.4,5.7,4.5
2015-04-01,6.6,5.1,4.3
2015-04-02,7.8,5.9,4.4
2015-04-03,8.6,7.5,5.1
2015-04-04,7.4,8.3,7.5
2015-04-05,7.3,8.5,9.3
2015-04-06,7.8,8.6,8.5
2015-04-07,9.1,8.2,8.6
2015-04-08,9.8,8.8,8.2
2015-04-09,9.9,10.3,9.6
2015-04-10,11.0,11.4,10.4
2015-04-11,9.2,7.8,6.3
2015-04-12,9.2,5.9,5.2
2015-04-13,10.0,7.1,6.8
2015-04-14,12.1,10.0,10.3
2015-04-15,14.3,7.5,8.6
2015-04-16,10.6,8.1,6.5
2015-04-17,9.1,9.1,6.6
2015-04-18,8.5,6.6,5.9
2015-04-19,7.2,6.4,5.9
2015-04-20,9.3,7.7,7.9
2015-04-21,9.5,10.0,9.6
2015-04-22,9.2,9.9,11.0
2015-04-23,9.4,10.9,10.8
2015-04-24,10.8,11.1,9.8
2015-04-25,12.5,9.1,7.3
2015-04-26,8.8,5.9,4.5
2015-04-27,7.6,5.3,3.7
2015-04-28,7.9,6.0,4.6
2015-04-29,8.8,7.0,5.3
2015-04-30,8.8,7.2,6.2
2015-05-01,7.8,6.1,4.4
2015-05-02,8.7,6.3,5.0
2015-05-03,13.0,10.4,6.5
2015-05-04,13.6,11.7,10.0
2015-05-05,13.2,10.9,7.6
2015-05-06,11.2,8.3,7.8
2015-05-07,11.4,8.5,6.4
2015-05-08,12.0,9.1,6.1
2015-05-09,12.7,9.3,9.0
2015-05-10,12.2,11.8,10.1
2015-05-11,15.3,13.5,11.8
2015-05-12,12.4,11.0,9.3
2015-05-13,11.6,10.5,8.9
2015-05-14,8.9,8.3,7.3
2015-05-15,11.0,9.4,8.8
2015-05-16,12.8,10.2,8.3
2015-05-17,11.8,9.9,8.5
2015-05-18,10.9,8.2,7.8
2015-05-19,9.7,7.5,8.0
2015-05-20,10.1,9.0,9.7
2015-05-21,12.1,10.6,10.3
2015-05-22,12.8,11.8,11.5
2015-05-23,13.3,10.7,11.0
2015-05-24,13.7,10.2,10.1
2015-05-25,11.7,9.8,10.6
2015-05-26,13.2,9.6,9.9
2015-05-27,12.3,10.2,8.2
2015-05-28,13.3,9.5,8.2
2015-05-29,10.7,8.5,8.5
2015-05-30,11.2,9.6,9.0
2015-05-31,12.2,9.8,8.2
2015-06-01,10.9,9.0,7.9
2015-06-02,14.1,11.4,8.6
2015-06-03,14.0,10.9,9.9
2015-06-04,15.2,13.4,11.0
2015-06-05,17.8,14.2,11.8
2015-06-06,13.1,11.5,9.9
2015-06-07,13.5,10.7,10.5
2015-06-08,12.6,10.1,10.1
2015-06-09,11.1,10.2,12.0
2015-06-10,12.7,11.1,14.1
2015-06-11,15.9,13.3,15.3
2015-06-12,17.8,15.4,13.8
2015-06-13,15.7,13.7,10.4
2015-06-14,14.8,11.0,9.4
2015-06-15,13.1,12.2,11.0
2015-06-16,15.3,15.2,13.8
2015-06-17,17.3,14.4,13.4
2015-06-18,16.2,11.4,11.0
2015-06-19,14.7,11.7,11.4
2015-06-20,14.5,13.9,13.2
2015-06-21,15.6,12.5,11.8
2015-06-22,13.5,11.7,11.3
2015-06-23,15.1,12.9,11.9
2015-06-24,17.0,15.0,11.6
2015-06-25,17.7,15.3,14.2
2015-06-26,17.9,15.9,14.1
2015-06-27,18.3,15.9,14.6
2015-06-28,17.3,15.6,14.6
2015-06-29,18.0,16.4,14.3
2015-06-30,19.9,20.9,18.6
2015-07-01,25.8,23.5,19.4
2015-07-02,19.6,17.1,18.0
2015-07-03,18.7,16.7,16.0
2015-07-04,21.0,18.0,14.5
2015-07-05,17.3,14.7,15.1
2015-07-06,16.9,14.3,14.6
2015-07-07,17.1,15.8,15.6
2015-07-08,16.3,13.1,13.3
2015-07-09,15.8,12.5,11.8
2015-07-10,18.3,17.8,14.9
2015-07-11,19.3,16.5,15.2
2015-07-12,17.4,15.7,14.1
2015-07-13,17.7,14.8,13.3
2015-07-14,18.4,14.7,13.6
2015-07-15,17.8,13.4,12.9
2015-07-16,18.4,15.3,12.8
2015-07-17,18.8,16.0,14.2
2015-07-18,17.1,15.0,13.1
2015-07-19,17.8,13.7,13.6
2015-07-20,17.6,15.2,13.0
2015-07-21,19.0,16.4,13.7
2015-07-22,17.8,13.4,12.0
2015-07-23,16.7,13.5,11.9
2015-07-24,14.8,13.3,12.3
2015-07-25,15.1,12.6,12.2
2015-07-26,14.0,11.7,11.9
2015-07-27,16.4,13.7,10.7
2015-07-28,15.3,12.7,11.0
2015-07-29,13.8,12.4,12.0
2015-07-30,13.7,12.0,11.3
2015-07-31,14.7,12.5,12.5
2015-08-01,14.9,13.5,12.2
2015-08-02,17.4,16.1,13.1
2015-08-03,18.9,17.1,15.9
2015-08-04,17.0,15.0,14.4
2015-08-05,17.1,15.6,14.4
2015-08-06,17.7,14.7,15.0
2015-08-07,17.5,14.2,13.1
2015-08-08,18.5,16.4,13.9
2015-08-09,18.2,16.6,15.5
2015-08-10,18.3,16.6,15.4
2015-08-11,16.1,14.4,13.7
2015-08-12,17.4,15.6,13.4
2015-08-13,18.4,15.7,15.2
2015-08-14,18.2,14.5,13.4
2015-08-15,16.4,13.1,12.5
2015-08-16,15.3,13.5,12.8
2015-08-17,16.2,15.0,13.4
2015-08-18,15.7,13.8,13.0
2015-08-19,15.8,14.4,15.8
2015-08-20,17.6,17.3,16.5
2015-08-21,19.7,18.4,17.2
2015-08-22,21.0,19.0,15.2
2015-08-23,18.3,18.2,16.9
2015-08-24,14.4,13.9,15.7
2015-08-25,14.8,14.2,13.4
2015-08-26,16.4,15.5,13.6
2015-08-27,15.2,14.2,12.8
2015-08-28,14.9,14.2,13.6
2015-08-29,16.6,14.8,14.0
2015-08-30,16.9,14.6,13.4
2015-08-31,14.9,13.1,11.8
2015-09-01,14.4,12.1,11.6
2015-09-02,13.2,11.5,11.3
2015-09-03,12.5,12.0,11.4
2015-09-04,13.4,12.4,11.1
2015-09-05,12.5,12.2,10.8
2015-09-06,12.4,11.2,11.9
2015-09-07,13.3,11.4,12.0
2015-09-08,12.9,11.0,12.1
2015-09-09,14.6,12.5,12.0
2015-09-10,15.4,14.3,13.5
2015-09-11,15.8,14.9,13.4
2015-09-12,16.2,13.3,12.4
2015-09-13,12.9,12.4,12.0
2015-09-14,13.1,11.2,11.7
2015-09-15,12.8,11.9,11.2
2015-09-16,12.9,10.9,10.9
2015-09-17,13.6,10.7,12.2
2015-09-18,13.6,11.7,11.5
2015-09-19,13.7,11.8,11.0
2015-09-20,14.0,11.9,12.9
2015-09-21,13.0,11.5,12.4
2015-09-22,11.2,11.0,10.8
2015-09-23,13.0,12.1,10.3
2015-09-24,14.4,11.6,10.0
2015-09-25,12.2,11.0,10.8
2015-09-26,12.7,11.4,12.0
2015-09-27,12.4,10.1,11.0
2015-09-28,12.9,10.6,11.3
2015-09-29,13.1,11.1,12.8
2015-09-30,13.2,11.2,10.6
2015-10-01,12.9,10.1,9.7
2015-10-02,11.7,8.4,9.8
2015-10-03,11.3,7.7,7.9
2015-10-04,12.3,9.8,9.0
2015-10-05,15.0,13.9,11.1
2015-10-06,15.4,15.2,14.1
2015-10-07,13.2,11.8,11.1
2015-10-08,12.0,10.4,9.0
2015-10-09,11.4,10.2,10.0
2015-10-10,11.8,10.3,11.4
2015-10-11,11.3,10.5,10.8
2015-10-12,10.0,7.2,9.8
2015-10-13,9.4,8.4,8.7
2015-10-14,9.0,7.6,8.3
2015-10-15,9.6,8.9,7.7
2015-10-16,10.9,9.3,7.4
2015-10-17,10.9,9.0,6.6
2015-10-18,11.7,10.4,8.9
2015-10-19,11.4,9.8,9.1
2015-10-20,10.0,9.3,9.5
2015-10-21,10.9,11.9,12.7
2015-10-22,11.9,10.8,10.5
2015-10-23,10.4,9.1,10.5
2015-10-24,11.5,9.6,9.5
2015-10-25,7.2,8.1,8.6
2015-10-26,10.8,9.3,9.0
2015-10-27,12.7,12.2,10.4
2015-10-28,12.1,11.2,11.4
2015-10-29,12.9,10.8,9.3
2015-10-30,13.7,13.0,7.8
2015-10-31,10.8,12.3,13.2
2015-11-01,8.9,10.8,9.5
2015-11-02,10.3,8.8,8.8
2015-11-03,10.9,9.3,7.1
2015-11-04,11.3,11.6,9.0
2015-11-05,13.9,12.2,10.2
2015-11-06,14.4,13.1,11.0
2015-11-07,14.3,11.5,8.9
2015-11-08,12.2,10.2,9.1
2015-11-09,12.2,11.3,10.5
2015-11-10,14.2,14.4,13.3
2015-11-11,13.3,13.5,10.2
2015-11-12,12.8,10.6,9.4
2015-11-13,9.7,7.2,5.4
2015-11-14,9.7,8.6,6.1
2015-11-15,13.3,13.2,9.6
2015-11-16,12.4,9.4,7.0
2015-11-17,12.9,9.2,5.8
2015-11-18,12.1,9.7,7.7
2015-11-19,10.3,8.2,7.3
2015-11-20,7.1,5.0,3.6
2015-11-21,2.5,1.3,1.3
2015-11-22,1.1,1.4,2.3
2015-11-23,2.5,2.2,5.1
2015-11-24,7.5,6.9,5.6
2015-11-25,6.7,7.3,5.3
2015-11-26,7.0,8.8,8.7
2015-11-27,9.6,8.6,7.4
2015-11-28,6.0,5.5,3.5
2015-11-29,10.5,7.1,2.9
2015-11-30,10.5,6.3,3.0
2015-12-01,11.8,8.0,5.8
2015-12-02,11.4,10.0,8.8
2015-12-03,11.4,9.1,3.7
2015-12-04,9.1,8.9,7.1
2015-12-05,11.0,10.3,10.9
2015-12-06,12.3,8.7,5.8
2015-12-07,11.6,10.3,8.0
2015-12-08,10.4,9.3,8.7
2015-12-09,7.7,7.5,7.7
2015-12-10,10.4,7.8,4.5
2015-12-11,8.2,5.4,3.9
2015-12-12,8.2,5.3,2.5
2015-12-13,8.5,2.3,-1.2
2015-12-14,7.9,7.2,3.7
2015-12-15,9.4,8.8,6.7
2015-12-16,12.8,12.0,9.5
2015-12-17,12.6,11.9,11.6
2015-12-18,11.5,10.9,10.9
2015-12-19,13.5,13.3,12.8
2015-12-20,11.7,9.6,8.6
2015-12-21,9.6,7.3,6.7
2015-12-22,12.9,10.2,8.2
2015-12-23,9.4,7.4,5.9
2015-12-24,9.1,7.4,6.4
2015-12-25,9.4,7.3,4.1
2015-12-26,13.3,12.2,5.2
2015-12-27,13.0,7.9,4.6
2015-12-28,10.1,10.3,9.4
2015-12-29,10.2,9.3,8.7
2015-12-30,11.3,10.5,9.2
2015-12-31,8.2,5.8,3.2
2016-01-01,4.6,3.5,3.1
2016-01-02,9.3,7.8,6.9
2016-01-03,7.5,6.6,6.6
2016-01-04,6.9,6.1,6.1
2016-01-05,6.7,6.3,4.7
2016-01-06,4.5,5.7,5.1
2016-01-07,6.5,5.0,4.7
2016-01-08,5.0,3.7,1.2
2016-01-09,8.0,5.7,1.2
2016-01-10,6.0,3.9,3.4
2016-01-11,5.6,2.8,2.7
2016-01-12,4.7,3.8,2.9
2016-01-13,3.8,2.9,0.6
2016-01-14,2.8,1.4,0.0
2016-01-15,1.6,1.3,0.3
2016-01-16,0.6,-0.4,-1.0
2016-01-17,2.1,1.1,-0.5
2016-01-18,1.6,2.9,0.8
2016-01-19,-0.7,2.7,1.1
2016-01-20,0.3,1.2,1.5
2016-01-21,1.6,2.0,2.7
2016-01-22,6.4,6.8,7.9
2016-01-23,6.6,6.7,7.5
2016-01-24,10.7,10.8,10.4
2016-01-25,10.4,9.9,10.0
2016-01-26,8.8,8.8,8.3
2016-01-27,10.8,9.1,3.7
2016-01-28,5.6,6.0,4.8
2016-01-29,10.3,9.3,6.6
2016-01-30,6.8,4.0,1.8
2016-01-31,7.6,5.9,2.7
2016-02-01,10.9,10.0,7.2
2016-02-02,7.3,5.4,4.6
2016-02-03,4.3,3.9,3.1
2016-02-04,7.9,7.7,5.7
2016-02-05,9.0,8.3,7.0
2016-02-06,9.6,6.2,4.5
2016-02-07,7.0,5.2,4.0
2016-02-08,7.5,5.5,4.4
2016-02-09,4.6,3.7,3.7
2016-02-10,4.1,3.7,2.1
2016-02-11,1.9,2.5,1.5
2016-02-12,2.7,2.5,1.2
2016-02-13,3.1,2.4,1.6
2016-02-14,3.3,2.1,0.7
2016-02-15,2.1,1.1,0.4
2016-02-16,1.6,1.4,3.8
2016-02-17,4.0,3.6,2.6
2016-02-18,3.6,2.0,2.1
2016-02-19,3.8,4.0,4.3
2016-02-20,9.6,6.9,4.0
2016-02-21,11.2,9.3,3.7
2016-02-22,7.8,4.4,4.0
2016-02-23,3.7,2.8,1.6
2016-02-24,2.4,2.0,0.5
2016-02-25,0.9,1.2,0.7
2016-02-26,2.4,2.4,1.0
2016-02-27,3.0,2.3,0.8
2016-02-28,4.1,2.5,0.8
2016-02-29,3.4,1.6,2.9
2016-03-01,7.8,7.2,6.3
2016-03-02,5.1,3.6,2.5
2016-03-03,5.5,3.6,3.5
2016-03-04,4.0,1.7,3.7
2016-03-05,2.0,2.7,3.1
2016-03-06,2.2,0.4,1.1
2016-03-07,1.6,0.4,1.7
2016-03-08,2.7,2.0,4.2
2016-03-09,7.1,3.9,3.8
2016-03-10,6.0,5.2,3.0
2016-03-11,2.7,5.8,4.7
2016-03-12,4.9,6.4,7.9
2016-03-13,3.7,7.1,8.7
2016-03-14,4.6,4.6,5.9
2016-03-15,5.5,5.8,4.1
2016-03-16,6.1,5.6,4.8
2016-03-17,5.5,4.3,5.3
2016-03-18,3.9,4.3,4.8
2016-03-19,5.7,5.1,5.6
2016-03-20,6.0,5.2,5.8
2016-03-21,7.2,5.1,6.6
2016-03-22,6.9,6.4,7.5
2016-03-23,7.4,5.7,6.6
2016-03-24,7.3,6.7,6.1
2016-03-25,9.2,7.9,6.8
2016-03-26,8.7,7.8,7.5
2016-03-27,7.8,6.2,5.7
2016-03-28,7.8,5.2,5.3
2016-03-29,6.8,5.1,4.6
2016-03-30,7.4,4.8,3.9
2016-03-31,6.8,4.8,5.2
2016-04-01,6.7,5.3,6.0
2016-04-02,9.1,7.8,7.5
2016-04-03,10.7,9.0,7.9
2016-04-04,9.6,9.0,6.4
2016-04-05,9.6,7.5,6.9
2016-04-06,7.7,6.0,6.1
2016-04-07,6.5,6.8,7.2
2016-04-08,7.6,7.4,5.6
2016-04-09,7.2,6.0,6.2
2016-04-10,6.8,6.0,6.1
2016-04-11,10.6,9.0,6.0
2016-04-12,9.9,7.9,6.5
2016-04-13,9.8,7.8,6.4
2016-04-14,10.3,8.0,5.9
2016-04-15,9.4,6.2,4.2
2016-04-16,5.9,4.2,3.9
2016-04-17,5.5,5.0,5.2
2016-04-18,7.6,7.7,7.9
2016-04-19,9.5,8.0,7.4
2016-04-20,7.4,8.4,8.3
2016-04-21,9.4,8.7,7.6
2016-04-22,7.7,7.0,5.9
2016-04-23,6.3,5.3,4.7
2016-04-24,6.0,5.1,6.3
2016-04-25,7.1,6.2,4.8
2016-04-26,4.9,4.2,4.3
2016-04-27,5.3,3.5,3.6
2016-04-28,6.1,3.3,2.2
2016-04-29,7.4,3.9,4.4
2016-04-30,6.7,5.0,5.5
2016-05-01,8.5,7.3,8.7
2016-05-02,11.2,9.6,9.1
2016-05-03,9.2,8.2,7.6
2016-05-04,10.0,9.6,9.3
2016-05-05,11.8,11.9,10.3
2016-05-06,13.9,13.3,9.7
2016-05-07,16.0,13.6,9.4
2016-05-08,17.8,17.1,11.4
2016-05-09,17.7,16.3,11.9
2016-05-10,15.3,14.1,12.0
2016-05-11,15.3,14.3,12.3
2016-05-12,16.4,14.1,11.4
2016-05-13,12.9,10.1,7.6
2016-05-14,9.0,8.2,7.5
2016-05-15,10.6,8.2,8.9
2016-05-16,11.8,8.1,10.2
2016-05-17,11.9,11.0,10.9
2016-05-18,11.8,11.4,11.7
2016-05-19,13.0,11.6,10.0
2016-05-20,14.0,12.9,11.2
2016-05-21,14.3,12.8,12.2
2016-05-22,13.7,11.1,11.7
2016-05-23,13.2,10.8,10.8
2016-05-24,11.3,10.7,9.2
2016-05-25,10.4,8.8,9.4
2016-05-26,13.2,10.7,9.7
2016-05-27,14.2,13.1,9.8
2016-05-28,14.5,13.2,11.2
2016-05-29,13.8,12.9,11.1
2016-05-30,13.7,13.2,12.0
2016-05-31,11.5,13.4,13.4
2016-06-01,12.5,12.1,12.4
2016-06-02,11.7,10.8,11.0
2016-06-03,11.5,13.1,12.8
2016-06-04,15.6,16.0,12.7
2016-06-05,16.5,16.4,12.3
2016-06-06,15.9,17.8,13.8
2016-06-07,16.9,18.4,15.5
2016-06-08,18.7,17.3,11.9
2016-06-09,16.1,16.4,12.6
2016-06-10,16.4,17.5,11.0
2016-06-11,17.5,16.0,11.4
2016-06-12,15.5,15.6,11.0
2016-06-13,15.5,14.2,12.0
2016-06-14,14.8,13.8,12.0
2016-06-15,14.5,14.6,12.0
2016-06-16,14.5,14.4,11.4
2016-06-17,14.4,13.8,11.3
2016-06-18,14.3,13.3,11.7
2016-06-19,15.2,14.1,13.1
2016-06-20,16.0,15.1,14.2
2016-06-21,16.6,15.3,14.3
2016-06-22,17.3,16.2,15.1
2016-06-23,18.8,15.9,15.3
2016-06-24,16.3,14.0,14.4
2016-06-25,14.7,13.7,13.1
2016-06-26,15.3,14.1,13.1
2016-06-27,16.5,13.7,12.5
2016-06-28,14.9,12.7,12.4
2016-06-29,14.5,12.2,11.8
2016-06-30,16.6,13.4,12.1
2016-07-01,15.8,13.0,11.6
2016-07-02,14.2,12.0,11.4
2016-07-03,15.3,13.2,12.2
2016-07-04,16.2,14.5,11.4
2016-07-05,16.8,14.0,12.9
2016-07-06,15.7,14.1,12.4
2016-07-07,16.7,15.8,15.1
2016-07-08,17.8,16.1,14.9
2016-07-09,17.7,16.9,14.8
2016-07-10,17.4,17.3,15.4
2016-07-11,17.3,14.7,15.4
2016-07-12,14.9,13.6,13.2
2016-07-13,14.8,12.7,13.0
2016-07-14,15.1,13.3,13.9
2016-07-15,15.8,14.8,14.7
2016-07-16,19.8,15.8,13.3
2016-07-17,20.5,15.5,13.6
2016-07-18,20.9,18.6,17.3
2016-07-19,23.2,23.1,19.6
2016-07-20,23.6,20.5,18.4
2016-07-21,19.5,17.4,16.5
2016-07-22,20.0,18.5,16.5
2016-07-23,20.7,17.8,15.7
2016-07-24,19.1,17.7,15.9
2016-07-25,18.7,15.3,14.2
2016-07-26,17.9,16.2,13.7
2016-07-27,18.7,15.8,13.8
2016-07-28,18.1,14.9,14.0
2016-07-29,18.5,15.8,14.7
2016-07-30,18.3,14.4,13.8
2016-07-31,17.3,14.0,13.3
2016-08-01,15.2,14.7,13.7
2016-08-02,17.7,16.0,14.0
2016-08-03,19.2,17.0,15.3
2016-08-04,17.7,15.4,15.3
2016-08-05,17.6,15.4,14.5
2016-08-06,18.5,17.6,14.9
2016-08-07,19.5,17.3,15.4
2016-08-08,16.7,14.1,13.3
2016-08-09,14.9,12.4,11.9
2016-08-10,14.8,13.0,11.1
2016-08-11,17.2,14.7,14.6
2016-08-12,19.5,16.2,15.1
2016-08-13,18.6,15.4,14.7
2016-08-14,18.3,15.3,14.6
2016-08-15,16.9,16.2,15.1
2016-08-16,16.9,16.3,16.0
2016-08-17,18.0,16.3,15.2
2016-08-18,18.2,17.4,14.4
2016-08-19,17.2,15.7,14.0
2016-08-20,16.7,15.6,14.9
2016-08-21,17.4,15.7,15.2
2016-08-22,19.0,17.3,15.5
2016-08-23,21.0,20.1,14.0
2016-08-24,23.7,17.1,15.7
2016-08-25,23.1,17.8,13.4
2016-08-26,20.7,16.0,14.6
2016-08-27,19.2,15.1,14.3
2016-08-28,18.2,15.2,14.3
2016-08-29,18.1,14.8,14.2
2016-08-30,18.5,16.2,16.8
2016-08-31,17.4,15.6,15.2
2016-09-01,17.4,15.2,14.1
2016-09-02,17.2,15.6,14.3
2016-09-03,16.8,14.6,14.1
2016-09-04,17.9,15.4,14.2
2016-09-05,18.0,16.7,15.8
2016-09-06,20.7,19.5,18.6
2016-09-07,20.6,20.0,18.7
2016-09-08,18.5,17.1,15.5
2016-09-09,18.5,17.5,15.1
2016-09-10,17.5,14.2,13.3
2016-09-11,15.6,14.0,14.0
2016-09-12,18.7,17.1,17.6
2016-09-13,23.3,20.5,17.8
2016-09-14,21.9,19.4,14.2
2016-09-15,20.5,18.3,16.2
2016-09-16,16.4,14.6,14.4
2016-09-17,15.1,13.5,12.8
2016-09-18,16.5,13.2,13.6
2016-09-19,16.6,14.5,12.8
2016-09-20,15.9,13.5,12.2
2016-09-21,16.5,14.2,12.9
2016-09-22,15.8,13.4,12.7
2016-09-23,13.1,13.5,12.2
2016-09-24,17.4,15.9,15.7
2016-09-25,16.3,14.1,12.7
2016-09-26,13.4,12.1,10.8
2016-09-27,16.1,14.3,13.2
2016-09-28,16.5,15.8,14.9
2016-09-29,16.5,14.0,11.1
2016-09-30,13.8,11.1,10.0
2016-10-01,11.6,10.1,9.1
2016-10-02,11.5,9.7,7.9
2016-10-03,11.2,10.1,10.0
2016-10-04,13.7,13.3,12.1
2016-10-05,12.8,12.1,11.9
2016-10-06,11.9,11.2,10.7
2016-10-07,12.5,12.6,11.4
2016-10-08,12.0,11.6,10.6
2016-10-09,10.7,9.6,9.3
2016-10-10,9.1,8.8,8.6
2016-10-11,9.7,10.1,9.9
2016-10-12,10.9,10.5,9.8
2016-10-13,10.4,9.3,9.7
2016-10-14,11.3,9.6,9.6
2016-10-15,12.4,10.5,10.2
2016-10-16,12.8,11.0,9.3
2016-10-17,12.7,11.4,10.8
2016-10-18,10.8,9.2,8.6
2016-10-19,10.7,9.9,9.1
2016-10-20,10.7,9.3,8.2
2016-10-21,9.4,7.7,8.9
2016-10-22,9.0,7.5,7.4
2016-10-23,9.5,8.1,7.3
2016-10-24,10.4,8.4,7.0
2016-10-25,10.4,8.6,5.7
2016-10-26,11.0,11.9,10.9
2016-10-27,10.3,12.2,11.8
2016-10-28,13.0,12.7,9.2
2016-10-29,13.7,12.8,10.4
2016-10-30,12.0,11.6,10.7
2016-10-31,11.4,11.3,10.5
2016-11-01,9.7,7.8,6.7
2016-11-02,5.9,4.7,6.1
2016-11-03,6.0,5.6,7.2
2016-11-04,7.3,6.8,5.6
2016-11-05,4.7,4.3,4.6
2016-11-06,4.3,3.7,4.9
2016-11-07,5.6,3.7,3.7
2016-11-08,2.9,2.5,2.3
2016-11-09,6.4,2.8,3.4
2016-11-10,6.8,5.3,3.8
2016-11-11,5.2,3.9,3.4
2016-11-12,8.4,8.1,8.3
2016-11-13,6.8,7.2,6.7
2016-11-14,9.2,10.4,11.8
2016-11-15,12.6,10.9,9.9
2016-11-16,11.6,8.3,6.7
2016-11-17,8.7,5.2,3.9
2016-11-18,4.9,3.1,1.7
2016-11-19,4.3,3.2,1.4
2016-11-20,6.7,2.4,0.9
2016-11-21,9.2,3.9,0.1
2016-11-22,9.1,5.6,4.2
2016-11-23,7.3,5.9,-0.1
2016-11-24,8.7,4.6,-1.6
2016-11-25,7.0,3.6,-0.2
2016-11-26,5.2,1.7,1.9
2016-11-27,6.4,5.7,3.3
2016-11-28,5.1,3.6,3.0
2016-11-29,0.5,-0.9,3.9
2016-11-30,-0.7,3.1,6.6
2016-12-01,1.1,6.5,7.4
2016-12-02,3.2,4.2,5.0
2016-12-03,4.3,4.3,4.6
2016-12-04,2.2,2.9,0.8
2016-12-05,1.8,1.6,0.5
2016-12-06,6.4,6.0,3.6
2016-12-07,10.1,10.9,12.0
2016-12-08,11.2,10.3,9.7
2016-12-09,11.3,11.1,10.2
2016-12-10,11.3,9.2,8.3
2016-12-11,6.2,7.6,7.7
2016-12-12,6.8,6.4,7.2
2016-12-13,10.3,9.0,6.0
2016-12-14,8.6,9.4,9.4
2016-12-15,7.2,8.5,8.3
2016-12-16,8.4,8.2,8.0
2016-12-17,7.2,5.1,5.7
2016-12-18,6.9,4.2,7.5
2016-12-19,5.6,5.5,6.1
2016-12-20,4.0,4.8,4.3
2016-12-21,8.7,5.7,4.5
2016-12-22,5.6,4.9,4.5
2016-12-23,7.9,7.0,6.2
2016-12-24,7.3,7.2,5.0
2016-12-25,10.4,10.4,9.6
2016-12-26,6.9,6.0,4.1
2016-12-27,1.6,3.0,5.0
2016-12-28,2.0,-0.0,6.0
2016-12-29,1.0,1.4,6.7
2016-12-30,2.1,5.8,9.6
2016-12-31,6.3,7.4,8.7
2017-01-01,5.8,4.2,3.1
2017-01-02,1.3,0.4,2.0
2017-01-03,0.9,5.0,6.9
2017-01-04,4.1,3.8,2.9
2017-01-05,0.2,-0.4,0.4
2017-01-06,2.1,4.3,7.7
2017-01-07,6.3,7.4,7.7
2017-01-08,6.8,6.9,8.8
2017-01-09,7.5,6.8,6.6
2017-01-10,5.6,7.3,6.9
2017-01-11,7.4,7.5,5.7
2017-01-12,4.2,2.6,1.3
2017-01-13,1.8,1.8,1.2
2017-01-14,1.5,2.9,1.7
2017-01-15,4.9,7.3,8.1
2017-01-16,3.8,8.3,8.6
2017-01-17,0.7,6.1,9.6
2017-01-18,-1.2,6.1,7.2
2017-01-19,0.3,6.3,6.3
2017-01-20,0.4,4.7,4.2
2017-01-21,-1.0,2.7,1.7
2017-01-22,-0.6,2.2,2.4
2017-01-23,-0.7,1.9,3.4
2017-01-24,1.3,3.1,8.3
2017-01-25,0.9,4.2,7.6
2017-01-26,-1.2,0.0,1.4
2017-01-27,1.8,2.0,2.0
2017-01-28,5.5,4.4,2.8
2017-01-29,5.5,3.2,2.6
2017-01-30,7.0,5.6,2.1
2017-01-31,6.8,7.6,6.3
2017-02-01,9.8,8.5,6.8
2017-02-02,10.0,10.3,9.4
2017-02-03,7.8,7.8,7.7
2017-02-04,4.1,4.0,4.5
2017-02-05,4.3,3.5,3.4
2017-02-06,3.8,3.1,3.0
2017-02-07,5.9,5.0,3.4
2017-02-08,3.0,2.6,2.2
2017-02-09,1.9,-0.0,0.7
2017-02-10,1.4,0.1,0.4
2017-02-11,1.6,2.5,2.7
2017-02-12,3.1,2.8,3.6
2017-02-13,5.1,4.7,4.7
2017-02-14,6.4,5.8,4.7
2017-02-15,8.0,7.9,7.3
2017-02-16,7.3,7.5,7.8
2017-02-17,7.4,8.3,7.0
2017-02-18,6.8,7.9,9.1
2017-02-19,7.4,9.0,9.5
2017-02-20,11.6,10.3,9.9
2017-02-21,11.0,8.9,8.0
2017-02-22,11.6,8.7,6.1
2017-02-23,9.0,6.2,2.3
2017-02-24,5.1,4.9,3.6
2017-02-25,8.3,8.3,8.1
2017-02-26,10.3,8.6,6.4
2017-02-27,6.9,4.4,3.5
2017-02-28,4.1,2.8,2.8
2017-03-01,6.1,3.7,2.6
2017-03-02,6.7,5.2,3.8
2017-03-03,7.8,5.8,3.3
2017-03-04,7.8,7.1,4.9
2017-03-05,6.5,4.8,4.0
2017-03-06,6.1,5.2,4.6
2017-03-07,6.3,6.2,5.1
2017-03-08,10.3,8.2,7.5
2017-03-09,11.0,7.0,7.2
2017-03-10,8.7,8.4,7.1
2017-03-11,11.2,10.2,9.5
2017-03-12,10.1,9.4,8.8
2017-03-13,9.9,6.2,8.6
2017-03-14,10.4,8.7,9.6
2017-03-15,10.5,8.4,9.0
2017-03-16,9.3,7.4,7.9
2017-03-17,8.0,7.2,6.2
2017-03-18,12.0,10.7,7.8
2017-03-19,12.3,10.7,9.1
2017-03-20,10.1,8.0,6.3
2017-03-21,6.7,4.6,3.2
2017-03-22,6.2,5.0,3.0
2017-03-23,7.6,6.4,5.0
2017-03-24,7.9,6.5,5.5
2017-03-25,8.3,6.4,8.4
2017-03-26,8.7,8.8,8.2
2017-03-27,8.7,7.6,7.0
2017-03-28,10.1,8.8,7.3
2017-03-29,12.6,11.7,9.9
2017-03-30,14.4,13.5,11.9
2017-03-31,12.5,12.7,11.3
2017-04-01,10.5,9.4,9.7
2017-04-02,9.6,8.2,8.6
2017-04-03,9.8,9.9,9.1
2017-04-04,11.0,9.2,9.0
2017-04-05,9.8,7.7,8.6
2017-04-06,10.4,7.0,8.7
2017-04-07,10.1,8.2,8.6
2017-04-08,11.0,10.1,9.3
2017-04-09,13.6,11.4,10.5
2017-04-10,10.1,8.2,7.8
2017-04-11,9.8,8.5,8.9
2017-04-12,10.4,8.5,8.9
2017-04-13,9.6,8.1,7.6
2017-04-14,10.6,8.8,7.4
2017-04-15,10.0,7.3,6.7
2017-04-16,9.5,7.8,5.6
2017-04-17,9.2,7.1,5.1
2017-04-18,7.4,6.4,5.1
2017-04-19,6.9,7.9,8.8
2017-04-20,9.4,10.6,10.9
2017-04-21,11.4,10.0,10.4
2017-04-22,10.2,8.3,6.7
2017-04-23,10.3,8.2,7.6
2017-04-24,9.3,7.9,5.8
2017-04-25,5.6,4.1,4.2
2017-04-26,5.5,4.6,4.7
2017-04-27,6.1,6.4,8.4
2017-04-28,9.3,8.6,7.3
2017-04-29,11.0,9.6,8.7
2017-04-30,12.4,11.8,9.5
2017-05-01,10.2,11.3,9.5
2017-05-02,11.1,11.0,8.3
2017-05-03,9.1,10.1,8.3
2017-05-04,10.8,10.5,8.5
2017-05-05,10.9,9.9,8.2
2017-05-06,11.7,9.9,8.4
2017-05-07,11.1,10.4,8.7
2017-05-08,9.3,8.2,7.5
2017-05-09,9.3,7.9,9.4
2017-05-10,10.4,10.0,9.7
2017-05-11,13.5,13.3,10.0
2017-05-12,14.1,12.4,9.8
2017-05-13,13.3,12.6,11.5
2017-05-14,13.9,12.7,12.4
2017-05-15,14.0,13.2,12.6
2017-05-16,17.9,15.1,14.5
2017-05-17,15.4,12.4,12.7
2017-05-18,12.5,10.7,11.5
2017-05-19,11.0,11.0,10.4
2017-05-20,11.6,10.1,10.2
2017-05-21,13.6,12.5,11.5
2017-05-22,16.6,15.3,13.2
2017-05-23,15.8,14.8,13.1
2017-05-24,18.1,16.0,15.8
2017-05-25,18.2,19.2,17.5
2017-05-26,18.9,19.9,20.6
2017-05-27,18.1,18.3,18.2
2017-05-28,17.5,15.5,15.8
2017-05-29,17.3,14.6,12.3
2017-05-30,16.8,14.1,13.5
2017-05-31,16.8,14.7,13.4
2017-06-01,17.0,16.8,15.5
2017-06-02,17.3,14.2,14.3
2017-06-03,16.4,13.4,13.1
2017-06-04,14.1,13.2,12.2
2017-06-05,14.1,12.1,12.7
2017-06-06,12.8,11.6,10.9
2017-06-07,14.3,12.7,11.3
2017-06-08,15.3,14.4,12.0
2017-06-09,15.7,14.0,13.7
2017-06-10,17.5,14.8,14.7
2017-06-11,17.6,15.2,14.1
2017-06-12,15.0,14.2,13.3
2017-06-13,16.2,15.1,15.1
2017-06-14,18.7,17.9,16.4
2017-06-15,17.7,15.1,13.9
2017-06-16,17.3,15.6,14.7
2017-06-17,21.0,19.2,18.8
2017-06-18,22.9,19.2,18.6
2017-06-19,23.3,20.7,17.4
2017-06-20,22.0,19.5,13.3
2017-06-21,23.8,21.1,17.4
2017-06-22,21.1,16.1,16.0
2017-06-23,18.5,15.7,14.3
2017-06-24,18.6,15.1,12.5
2017-06-25,18.1,13.7,12.4
2017-06-26,17.5,14.1,12.5
2017-06-27,17.0,14.5,11.9
2017-06-28,15.0,11.8,11.7
2017-06-29,14.3,12.6,11.5
2017-06-30,17.0,14.7,12.7
2017-07-01,17.4,15.1,14.1
2017-07-02,17.8,14.3,13.0
2017-07-03,17.6,14.8,13.4
2017-07-04,18.3,15.8,11.3
2017-07-05,19.9,17.4,13.1
2017-07-06,21.4,18.6,15.5
2017-07-07,21.7,16.6,15.4
2017-07-08,20.4,15.5,13.7
2017-07-09,20.7,16.8,14.3
2017-07-10,19.4,14.5,12.3
2017-07-11,16.2,13.6,12.1
2017-07-12,16.8,15.1,12.9
2017-07-13,16.5,16.4,14.8
2017-07-14,16.7,14.4,13.7
2017-07-15,17.4,16.6,15.9
2017-07-16,20.4,16.5,14.1
2017-07-17,19.2,15.7,16.1
2017-07-18,20.1,18.4,16.6
2017-07-19,20.1,19.2,15.7
2017-07-20,17.1,14.7,14.0
2017-07-21,17.5,16.0,14.9
2017-07-22,15.0,15.3,14.3
2017-07-23,15.0,15.2,14.1
2017-07-24,15.7,16.5,14.7
2017-07-25,16.8,16.1,14.3
2017-07-26,17.0,16.1,14.5
2017-07-27,16.7,13.6,13.6
2017-07-28,16.8,15.2,14.5
2017-07-29,17.0,15.4,14.4
2017-07-30,16.9,14.8,14.5
2017-07-31,16.6,15.0,14.2
2017-08-01,16.7,14.6,14.0
2017-08-02,16.7,15.5,14.1
2017-08-03,18.0,15.8,15.4
2017-08-04,17.3,14.9,14.0
2017-08-05,16.1,13.4,13.4
2017-08-06,15.5,13.7,13.0
2017-08-07,16.2,14.7,13.7
2017-08-08,15.0,12.8,13.0
2017-08-09,13.6,14.5,13.9
2017-08-10,14.7,12.9,13.8
2017-08-11,15.4,14.3,15.0
2017-08-12,17.6,14.6,13.9
2017-08-13,15.8,13.6,13.1
2017-08-14,16.7,15.5,14.1
2017-08-15,17.2,15.2,14.4
2017-08-16,15.7,14.9,14.7
2017-08-17,18.7,16.7,16.5
2017-08-18,16.1,14.0,13.2
2017-08-19,15.7,13.4,13.5
2017-08-20,15.7,14.5,14.1
2017-08-21,16.6,15.8,12.7
2017-08-22,18.3,19.2,16.4
2017-08-23,18.5,17.0,17.5
2017-08-24,16.6,14.8,14.9
2017-08-25,16.7,15.5,15.1
2017-08-26,18.3,15.1,14.7
2017-08-27,19.0,15.6,15.8
2017-08-28,19.9,17.7,16.7
2017-08-29,19.3,14.5,12.4
2017-08-30,13.7,12.7,12.7
2017-08-31,13.3,11.7,12.6
2017-09-01,14.8,12.4,12.3
2017-09-02,15.1,13.2,12.9
2017-09-03,14.7,13.8,14.2
2017-09-04,17.7,16.6,15.3
2017-09-05,17.4,15.5,14.0
2017-09-06,14.8,13.3,13.1
2017-09-07,15.4,14.0,13.1
2017-09-08,15.2,13.0,12.2
2017-09-09,13.0,12.3,12.1
2017-09-10,13.1,12.0,12.1
2017-09-11,14.0,12.3,11.9
2017-09-12,13.8,12.3,11.6
2017-09-13,14.2,11.2,10.1
2017-09-14,12.0,11.3,10.8
2017-09-15,10.9,10.4,11.1
2017-09-16,10.6,10.2,9.8
2017-09-17,11.2,11.1,10.9
2017-09-18,12.0,10.7,10.1
2017-09-19,11.4,9.7,11.1
2017-09-20,13.8,13.8,14.8
2017-09-21,14.7,12.8,12.4
2017-09-22,12.9,11.6,11.8
2017-09-23,14.5,14.9,14.8
2017-09-24,15.8,15.4,14.9
2017-09-25,14.9,14.6,14.2
2017-09-26,15.6,14.3,14.2
2017-09-27,15.8,15.1,14.3
2017-09-28,16.3,14.8,14.4
2017-09-29,16.2,14.0,13.3
2017-09-30,13.4,11.2,10.3
2017-10-01,16.1,14.7,11.0
2017-10-02,14.5,12.9,12.2
2017-10-03,11.9,11.7,10.8
2017-10-04,11.9,11.7,11.1
2017-10-05,13.7,12.1,10.2
2017-10-06,11.4,10.1,9.6
2017-10-07,13.5,12.7,12.6
2017-10-08,11.8,12.4,12.0
2017-10-09,13.2,12.9,12.6
2017-10-10,14.0,13.6,11.6
2017-10-11,15.1,13.7,12.2
2017-10-12,12.9,12.1,11.4
2017-10-13,15.6,16.6,15.8
2017-10-14,16.1,16.5,13.2
2017-10-15,15.7,14.5,14.3
2017-10-16,17.2,15.9,13.2
2017-10-17,12.5,12.0,12.7
2017-10-18,13.6,9.7,10.5
2017-10-19,15.1,12.5,12.0
2017-10-20,13.2,11.6,12.3
2017-10-21,13.4,12.0,11.4
2017-10-22,10.9,10.0,10.3
2017-10-23,13.1,12.4,11.7
2017-10-24,16.0,14.3,12.0
2017-10-25,14.0,12.3,11.3
2017-10-26,11.6,11.0,10.7
2017-10-27,10.5,7.7,8.4
2017-10-28,10.5,11.9,12.6
2017-10-29,11.5,9.7,7.8
2017-10-30,6.2,5.2,6.4
2017-10-31,9.1,9.2,12.0
2017-11-01,9.7,9.1,11.6
2017-11-02,8.4,9.9,7.4
2017-11-03,10.5,9.6,8.1
2017-11-04,10.7,8.8,7.5
2017-11-05,5.9,5.5,4.7
2017-11-06,5.1,6.3,7.2
2017-11-07,9.5,8.5,7.9
2017-11-08,6.3,4.6,6.3
2017-11-09,7.6,9.9,9.6
2017-11-10,9.1,8.3,6.3
2017-11-11,7.9,7.0,4.5
2017-11-12,6.3,4.9,3.7
2017-11-13,4.0,2.7,4.5
2017-11-14,8.3,9.7,8.9
2017-11-15,10.2,9.3,6.8
2017-11-16,10.0,7.7,7.3
2017-11-17,3.6,5.1,6.6
2017-11-18,5.5,7.3,5.5
2017-11-19,3.7,3.8,3.6
2017-11-20,10.3,10.5,6.5
2017-11-21,12.2,12.0,10.1
2017-11-22,13.8,13.2,7.6
2017-11-23,10.5,6.7,3.8
2017-11-24,4.8,3.6,2.0
2017-11-25,2.2,3.2,2.5
2017-11-26,3.8,5.0,4.1
2017-11-27,8.1,6.6,4.8
2017-11-28,3.8,1.8,2.9
2017-11-29,3.4,1.1,1.7
2017-11-30,0.9,0.0,1.3
2017-12-01,3.2,2.2,2.7
2017-12-02,3.6,4.4,7.0
2017-12-03,7.3,7.4,6.2
2017-12-04,5.8,7.3,7.0
2017-12-05,6.3,6.8,7.8
2017-12-06,8.7,9.0,9.9
2017-12-07,8.6,7.7,6.3
2017-12-08,2.2,1.7,0.7
2017-12-09,0.1,-0.1,-0.1
2017-12-10,1.0,-0.1,-2.9
2017-12-11,1.2,-1.8,-0.8
2017-12-12,-0.9,-1.6,1.8
2017-12-13,6.0,3.6,3.2
2017-12-14,3.3,3.5,1.4
2017-12-15,3.3,1.7,2.1
2017-12-16,1.7,0.3,0.8
2017-12-17,3.6,3.8,5.3
2017-12-18,2.6,2.5,4.7
2017-12-19,2.7,4.1,9.5
2017-12-20,8.4,8.6,9.6
2017-12-21,9.8,9.1,5.8
2017-12-22,9.3,8.0,7.1
2017-12-23,9.1,8.0,11.0
2017-12-24,9.0,9.9,11.0
2017-12-25,9.7,9.2,6.2
2017-12-26,5.4,3.5,0.9
2017-12-27,3.1,0.9,-0.2
2017-12-28,0.5,0.8,0.7
2017-12-29,4.5,2.5,0.6
2017-12-30,10.8,6.6,3.9
2017-12-31,10.2,7.9,5.4
2018-01-01,6.0,5.1,4.5
2018-01-02,7.0,5.8,4.1
2018-01-03,8.4,7.1,5.1
2018-01-04,8.2,6.3,4.6
2018-01-05,5.4,3.0,3.4
2018-01-06,3.0,2.8,2.4
2018-01-07,3.3,0.9,-1.6
2018-01-08,3.9,1.9,0.4
2018-01-09,5.1,3.4,2.8
2018-01-10,6.8,5.3,4.3
2018-01-11,5.3,1.7,3.5
2018-01-12,5.7,4.0,4.5
2018-01-13,5.6,5.2,4.2
2018-01-14,3.5,3.1,5.1
2018-01-15,7.5,6.4,5.4
2018-01-16,5.0,2.8,1.5
2018-01-17,4.3,3.1,2.0
2018-01-18,6.9,3.8,1.4
2018-01-19,2.6,2.5,1.4
2018-01-20,2.6,1.1,-0.2
2018-01-21,3.9,2.5,0.6
2018-01-22,7.4,6.3,6.1
2018-01-23,9.7,8.9,8.0
2018-01-24,9.7,8.2,7.0
2018-01-25,6.7,5.2,4.0
2018-01-26,3.9,3.1,3.0
2018-01-27,6.8,7.2,7.8
2018-01-28,10.7,10.0,9.7
2018-01-29,8.8,7.4,6.1
2018-01-30,3.5,4.0,5.1
2018-01-31,6.4,3.9,3.1
2018-02-01,4.0,3.8,3.8
2018-02-02,3.7,2.8,3.5
2018-02-03,2.5,2.6,2.6
2018-02-04,2.3,1.2,2.6
2018-02-05,0.8,-0.3,1.7
2018-02-06,0.4,-0.7,1.1
2018-02-07,1.4,-0.7,0.6
2018-02-08,2.2,4.4,5.2
2018-02-09,4.3,3.2,2.3
2018-02-10,3.8,4.8,4.6
2018-02-11,4.5,2.5,1.5
2018-02-12,1.9,2.2,2.0
2018-02-13,3.8,1.9,2.6
2018-02-14,3.4,2.6,3.4
2018-02-15,7.1,4.6,3.8
2018-02-16,3.4,3.7,4.3
2018-02-17,4.2,4.7,4.4
2018-02-18,5.4,5.4,4.8
2018-02-19,7.7,8.3,8.5
2018-02-20,7.7,6.4,5.8
2018-02-21,4.2,4.6,3.3
2018-02-22,2.4,1.8,2.7
2018-02-23,2.0,0.8,1.7
2018-02-24,1.3,1.3,1.8
2018-02-25,0.6,1.0,1.7
2018-02-26,-0.5,-0.6,0.5
2018-02-27,-2.8,-1.2,-0.1
2018-02-28,-3.3,-3.3,-3.2
2018-03-01,-2.0,-2.5,-1.6
2018-03-02,-0.6,-0.7,0.1
2018-03-03,2.2,0.2,0.3
2018-03-04,5.3,3.3,1.3
2018-03-05,6.8,5.1,2.9
2018-03-06,6.3,4.8,2.8
2018-03-07,4.8,3.5,3.3
2018-03-08,5.9,2.9,2.6
2018-03-09,6.0,4.6,3.4
2018-03-10,10.4,9.6,3.8
2018-03-11,8.1,6.8,5.9
2018-03-12,8.3,5.4,5.1
2018-03-13,6.9,4.8,4.6
2018-03-14,8.0,7.6,5.6
2018-03-15,8.9,8.1,5.0
2018-03-16,8.5,6.8,3.5
2018-03-17,1.4,0.9,0.6
2018-03-18,-0.1,-0.2,0.6
2018-03-19,0.6,1.8,2.5
2018-03-20,3.7,3.4,3.2
2018-03-21,3.9,3.0,6.0
2018-03-22,6.5,7.3,7.5
2018-03-23,8.1,7.4,7.1
2018-03-24,7.5,6.5,5.7
2018-03-25,7.5,4.3,5.4
2018-03-26,6.9,5.7,4.8
2018-03-27,8.2,6.6,5.8
2018-03-28,5.2,4.5,4.3
2018-03-29,4.6,3.7,2.7
2018-03-30,5.1,5.8,3.3
2018-03-31,5.4,4.5,3.0
2018-04-01,5.5,4.1,2.6
2018-04-02,8.4,5.2,1.9
2018-04-03,10.3,9.5,2.9
2018-04-04,9.6,7.7,2.4
2018-04-05,7.0,5.6,4.0
2018-04-06,9.2,9.1,6.9
2018-04-07,11.3,8.7,8.5
2018-04-08,9.8,7.5,8.4
2018-04-09,8.7,7.8,7.5
2018-04-10,10.3,7.8,5.2
2018-04-11,10.1,8.2,6.0
2018-04-12,9.2,7.3,5.5
2018-04-13,8.7,7.2,5.7
2018-04-14,11.0,10.5,9.5
2018-04-15,10.5,10.8,9.8
2018-04-16,10.6,10.4,10.0
2018-04-17,13.4,12.0,11.4
2018-04-18,16.1,15.9,13.8
2018-04-19,17.5,15.5,14.5
2018-04-20,16.8,11.6,11.3
2018-04-21,16.3,13.7,11.9
2018-04-22,15.9,12.8,11.6
2018-04-23,11.2,10.6,9.5
2018-04-24,12.3,9.5,9.2
2018-04-25,10.3,8.5,8.0
2018-04-26,9.7,8.2,7.7
2018-04-27,9.6,6.4,6.8
2018-04-28,8.5,6.6,6.1
2018-04-29,7.3,6.3,5.1
2018-04-30,6.3,6.9,5.5
2018-05-01,8.3,7.6,7.5
2018-05-02,9.2,8.5,7.8
2018-05-03,10.0,9.3,8.5
2018-05-04,13.3,12.5,12.2
2018-05-05,13.5,14.3,13.4
2018-05-06,14.5,16.1,14.7
2018-05-07,16.4,16.9,14.7
2018-05-08,16.5,13.4,12.7
2018-05-09,13.7,10.6,9.7
2018-05-10,12.2,9.8,9.3
2018-05-11,12.8,11.3,10.6
2018-05-12,12.0,10.4,10.3
2018-05-13,12.1,11.0,11.0
2018-05-14,13.5,11.3,11.8
2018-05-15,15.0,12.1,12.7
2018-05-16,12.3,10.6,9.4
2018-05-17,10.7,9.4,9.7
2018-05-18,10.7,11.1,11.5
2018-05-19,12.5,13.9,14.3
2018-05-20,13.0,15.8,13.8
2018-05-21,15.0,15.9,14.7
2018-05-22,15.2,13.7,9.2
2018-05-23,14.4,13.2,9.8
2018-05-24,15.5,14.5,9.8
2018-05-25,15.7,13.5,10.8
2018-05-26,17.9,15.4,11.1
2018-05-27,18.9,17.6,11.3
2018-05-28,19.2,17.7,12.8
2018-05-29,16.4,16.4,11.4
2018-05-30,16.0,15.3,11.9
2018-05-31,17.5,17.9,13.6
2018-06-01,17.9,18.1,15.2
2018-06-02,18.0,15.5,15.3
2018-06-03,18.6,17.0,13.3
2018-06-04,15.8,15.8,12.5
2018-06-05,14.5,14.3,11.0
2018-06-06,14.5,14.0,11.2
2018-06-07,15.4,15.1,11.7
2018-06-08,16.5,14.4,11.9
2018-06-09,15.7,16.1,12.5
2018-06-10,16.6,16.6,14.5
2018-06-11,16.2,16.9,12.0
2018-06-12,14.6,15.5,13.4
2018-06-13,14.7,15.6,13.5
2018-06-14,16.7,15.6,14.2
2018-06-15,16.0,13.6,12.1
2018-06-16,15.4,13.5,11.8
2018-06-17,15.1,14.8,13.1
2018-06-18,18.6,15.9,13.4
2018-06-19,19.5,16.4,12.4
2018-06-20,18.9,15.7,11.8
2018-06-21,15.1,12.8,11.8
2018-06-22,15.2,13.2,12.8
2018-06-23,17.0,13.2,13.1
2018-06-24,17.9,15.1,15.5
2018-06-25,20.2,18.8,17.0
2018-06-26,19.1,20.7,13.9
2018-06-27,17.7,19.4,14.7
2018-06-28,19.7,19.4,17.6
2018-06-29,19.6,19.9,14.1
2018-06-30,19.3,18.8,15.1
2018-07-01,22.3,20.5,16.5
2018-07-02,21.7,20.2,13.9
2018-07-03,19.5,18.4,15.0
2018-07-04,19.2,18.9,17.3
2018-07-05,22.0,19.6,17.3
2018-07-06,22.9,19.5,16.5
2018-07-07,23.3,20.0,17.7
2018-07-08,22.7,21.1,19.2
2018-07-09,21.5,19.7,15.3
2018-07-10,17.7,17.9,15.5
2018-07-11,18.0,18.6,16.1
2018-07-12,18.5,18.3,14.9
2018-07-13,19.2,18.4,16.2
2018-07-14,20.6,19.0,18.9
2018-07-15,21.7,19.6,19.0
2018-07-16,21.9,17.2,17.4
2018-07-17,19.2,15.4,15.5
2018-07-18,20.0,17.1,15.8
2018-07-19,21.5,18.0,16.8
2018-07-20,20.3,16.3,15.7
2018-07-21,21.4,16.6,17.4
2018-07-22,22.5,18.8,18.6
2018-07-23,24.0,20.7,20.2
2018-07-24,22.9,18.4,16.6
2018-07-25,23.6,17.4,17.4
2018-07-26,25.4,21.2,20.2
2018-07-27,23.2,21.5,21.4
2018-07-28,18.4,16.7,16.2
2018-07-29,18.1,16.6,14.4
2018-07-30,19.6,16.6,14.9
2018-07-31,18.7,16.9,15.3
2018-08-01,18.6,18.2,16.4
2018-08-02,21.1,20.3,19.1
2018-08-03,24.4,19.3,18.5
2018-08-04,23.1,17.4,15.6
2018-08-05,21.5,18.5,16.5
2018-08-06,23.1,18.3,17.4
2018-08-07,23.0,17.3,15.5
2018-08-08,19.1,15.3,14.0
2018-08-09,15.7,14.7,13.5
2018-08-10,14.6,12.4,12.7
2018-08-11,15.5,15.0,14.1
2018-08-12,17.7,17.7,14.6
2018-08-13,18.5,16.3,15.0
2018-08-14,18.7,16.9,16.2
2018-08-15,19.0,18.4,17.9
2018-08-16,17.2,15.9,14.1
2018-08-17,16.2,14.9,14.6
2018-08-18,18.3,17.8,15.9
2018-08-19,20.0,17.6,14.2
2018-08-20,20.3,18.1,14.5
2018-08-21,20.4,18.6,17.4
2018-08-22,19.4,17.7,16.2
2018-08-23,18.2,13.5,12.1
2018-08-24,14.2,11.6,11.6
2018-08-25,13.3,12.3,11.9
2018-08-26,14.3,12.6,11.7
2018-08-27,16.7,14.3,13.9
2018-08-28,16.3,15.0,14.2
2018-08-29,15.4,13.6,13.6
2018-08-30,15.0,13.0,12.2
2018-08-31,15.1,14.3,13.7
2018-09-01,16.3,16.6,16.2
2018-09-02,16.1,19.0,17.7
2018-09-03,16.1,15.7,12.7
2018-09-04,15.9,14.2,11.8
2018-09-05,16.5,13.0,13.3
2018-09-06,15.5,11.3,10.4
2018-09-07,13.3,10.7,11.7
2018-09-08,14.0,13.3,12.9
2018-09-09,17.5,14.7,14.0
2018-09-10,16.4,13.7,13.0
2018-09-11,18.9,14.8,13.1
2018-09-12,14.1,12.2,11.9
2018-09-13,13.2,12.5,12.0
2018-09-14,13.6,12.4,11.3
2018-09-15,15.0,13.6,11.4
2018-09-16,17.1,14.1,13.9
2018-09-17,19.2,15.9,14.9
2018-09-18,18.9,17.7,15.7
2018-09-19,18.8,15.1,12.6
2018-09-20,18.5,13.1,11.0
2018-09-21,13.8,10.4,9.5
2018-09-22,11.7,10.6,9.8
2018-09-23,10.3,9.5,8.4
2018-09-24,9.7,9.2,9.4
2018-09-25,10.0,9.9,11.5
2018-09-26,12.4,15.0,16.3
2018-09-27,13.7,14.4,13.3
2018-09-28,12.4,10.4,8.9
2018-09-29,10.2,8.6,10.2
2018-09-30,10.3,10.4,9.4
2018-10-01,10.4,8.5,8.0
2018-10-02,14.7,12.8,11.0
2018-10-03,13.9,12.9,11.5
2018-10-04,13.3,14.2,13.1
2018-10-05,14.4,12.4,8.9
2018-10-06,10.4,8.0,7.6
2018-10-07,9.4,7.6,9.5
2018-10-08,11.4,12.8,13.5
2018-10-09,13.3,13.3,13.8
2018-10-10,15.7,15.1,15.0
2018-10-11,16.9,15.1,14.1
2018-10-12,17.8,15.5,12.9
2018-10-13,20.7,18.3,13.5
2018-10-14,13.5,10.3,9.2
2018-10-15,13.2,9.5,7.6
2018-10-16,15.1,13.0,11.0
2018-10-17,13.0,11.1,10.5
2018-10-18,11.6,7.1,8.1
2018-10-19,8.7,8.9,9.4
2018-10-20,9.8,10.8,13.6
2018-10-21,11.7,10.4,12.1
2018-10-22,9.1,9.2,9.7
2018-10-23,10.9,12.0,12.0
2018-10-24,11.6,11.5,11.1
2018-10-25,9.2,10.8,11.3
2018-10-26,8.0,7.4,5.8
2018-10-27,4.9,3.2,4.4
2018-10-28,6.0,5.0,4.2
2018-10-29,4.8,2.5,2.4
2018-10-30,6.2,3.7,4.3
2018-10-31,7.1,5.7,5.9
2018-11-01,8.7,6.9,5.7
2018-11-02,4.4,6.1,6.3
2018-11-03,9.0,10.8,12.4
2018-11-04,9.6,11.5,10.9
2018-11-05,11.1,9.6,9.4
2018-11-06,12.0,12.0,10.9
2018-11-07,11.6,10.9,10.7
2018-11-08,9.3,8.9,8.1
2018-11-09,10.4,9.7,8.9
2018-11-10,11.0,9.3,8.8
2018-11-11,10.3,8.2,7.1
2018-11-12,10.8,9.3,9.2
2018-11-13,10.0,9.5,9.1
2018-11-14,10.4,10.8,12.6
2018-11-15,12.3,9.8,11.6
2018-11-16,10.4,11.6,11.2
2018-11-17,8.1,8.5,7.6
2018-11-18,7.3,7.5,6.0
2018-11-19,6.6,7.0,6.8
2018-11-20,3.9,5.3,6.1
2018-11-21,2.9,3.7,4.8
2018-11-22,0.6,3.1,4.3
2018-11-23,6.6,5.4,5.7
2018-11-24,7.5,5.6,4.0
2018-11-25,6.2,5.1,5.0
2018-11-26,5.5,4.5,4.3
2018-11-27,5.3,4.2,4.3
2018-11-28,11.8,10.5,9.1
2018-11-29,11.5,10.0,8.1
2018-11-30,8.5,7.0,6.4
2018-12-01,10.0,8.5,4.9
2018-12-02,12.9,10.4,5.9
2018-12-03,9.7,6.8,4.5
2018-12-04,4.5,3.2,2.7
2018-12-05,10.2,7.2,2.8
2018-12-06,11.3,10.9,7.9
2018-12-07,9.9,8.9,7.2
2018-12-08,9.3,8.2,7.0
2018-12-09,8.0,6.6,4.0
2018-12-10,6.1,6.1,2.6
2018-12-11,4.7,6.7,5.8
2018-12-12,5.0,5.8,5.1
2018-12-13,2.4,3.3,3.1
2018-12-14,1.3,1.5,1.8
2018-12-15,2.6,2.4,1.6
2018-12-16,6.1,5.3,4.7
2018-12-17,6.4,5.9,5.3
2018-12-18,8.9,8.7,9.0
2018-12-19,7.5,5.9,5.8
2018-12-20,7.6,6.4,5.2
2018-12-21,10.8,6.8,5.6
2018-12-22,8.6,7.2,6.3
2018-12-23,9.0,5.2,3.8
2018-12-24,3.9,1.4,0.5
2018-12-25,4.5,5.8,6.3
2018-12-26,7.0,7.9,9.1
2018-12-27,3.1,7.4,8.6
2018-12-28,6.2,8.1,8.1
2018-12-29,8.4,8.7,8.8
2018-12-30,8.0,8.5,9.9
2018-12-31,7.2,7.8,9.9
2019-01-01,6.8,6.3,5.3
2019-01-02,3.7,0.3,-0.1
2019-01-03,2.0,-0.1,2.2
2019-01-04,-0.5,0.8,4.2
2019-01-05,1.9,3.6,3.8
2019-01-06,5.0,6.3,7.6
2019-01-07,6.8,8.2,9.0
2019-01-08,5.8,5.1,5.4
2019-01-09,3.7,1.5,3.0
2019-01-10,2.6,2.1,7.2
2019-01-11,4.9,4.3,7.0
2019-01-12,7.1,8.6,8.6
2019-01-13,9.5,8.7,8.3
2019-01-14,6.9,6.9,5.3
2019-01-15,5.9,7.6,9.0
2019-01-16,7.0,6.3,5.6
2019-01-17,2.3,1.1,1.0
2019-01-18,1.3,1.3,1.1
2019-01-19,3.3,3.2,2.6
2019-01-20,0.9,3.4,2.6
2019-01-21,1.9,3.4,2.5
2019-01-22,2.8,1.8,1.1
2019-01-23,-0.3,-0.8,-0.8
2019-01-24,0.5,2.9,1.8
2019-01-25,6.1,8.2,8.7
2019-01-26,7.6,7.2,7.9
2019-01-27,4.9,4.2,3.2
2019-01-28,1.6,0.5,0.9
2019-01-29,1.4,1.0,1.4
2019-01-30,-0.3,0.1,0.1
2019-01-31,-0.8,-0.7,-1.5
2019-02-01,1.4,0.4,-1.1
2019-02-02,1.5,-1.3,0.6
2019-02-03,0.8,0.7,2.5
2019-02-04,6.6,5.5,5.3
2019-02-05,6.4,4.5,4.1
2019-02-06,9.1,6.2,5.6
2019-02-07,7.2,4.7,4.7
2019-02-08,8.8,8.1,7.4
2019-02-09,7.8,6.2,6.1
2019-02-10,5.3,4.3,3.9
2019-02-11,4.2,3.7,3.8
2019-02-12,5.8,5.8,8.6
2019-02-13,7.0,8.0,9.5
2019-02-14,4.6,5.7,8.1
2019-02-15,5.7,7.0,7.9
2019-02-16,8.6,9.8,9.4
2019-02-17,9.3,9.4,9.5
2019-02-18,7.6,7.8,7.2
2019-02-19,6.5,7.1,6.7
2019-02-20,8.5,8.3,10.1
2019-02-21,8.9,10.4,11.0
2019-02-22,7.2,9.0,11.5
2019-02-23,8.0,10.0,11.1
2019-02-24,6.2,9.0,7.8
2019-02-25,7.3,8.7,8.5
2019-02-26,8.9,9.5,8.1
2019-02-27,8.6,7.9,8.2
2019-02-28,8.0,6.5,5.3
2019-03-01,8.6,7.8,7.1
2019-03-02,10.2,9.0,8.1
2019-03-03,10.7,7.0,7.0
2019-03-04,6.6,5.3,5.6
2019-03-05,7.1,6.2,3.7
2019-03-06,10.6,9.2,6.6
2019-03-07,7.7,5.9,5.2
2019-03-08,7.1,5.1,3.7
2019-03-09,8.8,6.2,4.2
2019-03-10,7.1,3.3,3.0
2019-03-11,6.2,5.3,4.7
2019-03-12,6.8,6.4,5.9
2019-03-13,7.8,6.9,6.9
2019-03-14,9.7,8.0,7.2
2019-03-15,11.4,8.3,6.2
2019-03-16,10.5,8.0,2.9
2019-03-17,6.1,4.9,4.4
2019-03-18,6.3,5.8,5.2
2019-03-19,8.1,8.5,8.8
2019-03-20,10.5,11.0,11.7
2019-03-21,10.5,10.7,11.5
2019-03-22,9.9,10.6,8.9
2019-03-23,9.1,6.8,6.3
2019-03-24,7.3,6.2,5.9
2019-03-25,7.4,6.5,6.7
2019-03-26,6.9,6.7,8.1
2019-03-27,8.3,7.5,9.3
2019-03-28,8.6,6.9,9.0
2019-03-29,9.1,6.4,9.0
2019-03-30,10.8,6.5,8.3
2019-03-31,8.0,7.4,5.2
2019-04-01,7.5,7.3,5.6
2019-04-02,5.3,5.5,4.9
2019-04-03,3.2,2.7,4.0
2019-04-04,5.2,4.5,5.3
2019-04-05,8.7,8.2,7.3
2019-04-06,8.2,7.9,5.9
2019-04-07,9.7,9.9,6.6
2019-04-08,9.5,10.3,6.4
2019-04-09,8.9,7.6,6.0
2019-04-10,7.1,5.5,4.3
2019-04-11,5.9,5.1,6.7
2019-04-12,5.2,5.4,5.9
2019-04-13,4.5,4.6,4.4
2019-04-14,4.6,5.0,5.0
2019-04-15,7.8,8.0,6.4
2019-04-16,10.2,9.4,7.9
2019-04-17,10.8,11.4,7.8
2019-04-18,12.9,12.4,9.1
2019-04-19,13.8,14.5,13.6
2019-04-20,13.9,14.1,15.5
2019-04-21,13.2,14.7,15.7
2019-04-22,14.5,15.2,14.9
2019-04-23,14.0,14.5,11.2
2019-04-24,12.4,12.3,10.1
2019-04-25,11.4,10.2,10.8
2019-04-26,10.8,9.3,9.5
2019-04-27,9.5,7.2,8.3
2019-04-28,10.1,10.0,9.5
2019-04-29,9.1,10.3,8.4
2019-04-30,9.9,11.3,9.5
2019-05-01,11.3,10.6,10.5
2019-05-02,11.2,9.4,8.1
2019-05-03,9.2,8.4,6.2
2019-05-04,7.4,7.1,5.8
2019-05-05,7.6,6.5,6.6
2019-05-06,8.4,7.1,6.2
2019-05-07,10.2,8.1,5.9
2019-05-08,10.8,7.8,6.3
2019-05-09,10.7,7.5,6.7
2019-05-10,10.0,7.9,6.5
2019-05-11,9.9,8.3,7.5
2019-05-12,9.9,9.2,8.2
2019-05-13,10.0,12.0,12.5
2019-05-14,11.1,13.4,13.7
2019-05-15,12.0,13.7,13.2
2019-05-16,11.6,11.6,11.6
2019-05-17,11.5,12.3,10.1
2019-05-18,12.6,12.1,9.8
2019-05-19,12.8,11.7,12.1
2019-05-20,14.7,11.3,12.1
2019-05-21,14.1,11.3,10.8
2019-05-22,14.1,11.5,10.3
2019-05-23,15.2,12.4,10.9
2019-05-24,15.9,12.5,12.2
2019-05-25,17.2,13.4,11.4
2019-05-26,16.4,14.0,12.9
2019-05-27,13.4,11.6,9.6
2019-05-28,12.2,10.6,8.5
2019-05-29,12.6,10.3,9.0
2019-05-30,17.5,16.1,12.1
2019-05-31,15.9,16.0,13.5
2019-06-01,18.1,16.2,14.0
2019-06-02,20.0,16.6,15.3
2019-06-03,15.2,13.7,12.7
2019-06-04,14.4,12.8,12.2
2019-06-05,14.2,11.8,11.3
2019-06-06,13.5,11.7,12.2
2019-06-07,13.5,12.0,11.6
2019-06-08,13.5,11.2,11.4
2019-06-09,13.8,11.6,11.8
2019-06-10,11.6,11.8,11.0
2019-06-11,13.5,10.1,10.3
2019-06-12,12.9,12.1,10.4
2019-06-13,12.6,11.1,9.2
2019-06-14,14.2,12.0,11.3
2019-06-15,14.4,12.5,13.0
2019-06-16,14.5,13.1,12.4
2019-06-17,15.6,14.2,13.6
2019-06-18,14.7,14.4,13.7
2019-06-19,16.2,14.4,13.8
2019-06-20,15.3,12.4,11.9
2019-06-21,15.1,12.6,11.9
2019-06-22,15.5,15.3,13.0
2019-06-23,17.8,15.9,14.0
2019-06-24,20.4,17.2,12.5
2019-06-25,20.3,15.8,13.1
2019-06-26,17.6,14.7,12.9
2019-06-27,16.1,15.6,15.1
2019-06-28,16.6,16.8,16.0
2019-06-29,22.5,20.1,18.1
2019-06-30,19.0,16.6,15.6
2019-07-01,17.1,14.4,14.5
2019-07-02,16.0,13.5,13.6
2019-07-03,16.6,14.7,13.8
2019-07-04,17.8,15.0,13.3
2019-07-05,19.8,15.9,15.1
2019-07-06,18.4,15.7,13.8
2019-07-07,16.2,15.4,12.8
2019-07-08,16.2,15.6,13.0
2019-07-09,17.6,15.8,15.0
2019-07-10,19.7,16.9,17.2
2019-07-11,19.6,17.1,17.2
2019-07-12,19.4,16.4,16.4
2019-07-13,18.3,16.1,15.9
2019-07-14,16.7,16.2,15.0
2019-07-15,15.6,17.0,15.1
2019-07-16,18.3,17.9,17.1
2019-07-17,19.3,16.8,16.1
2019-07-18,18.2,16.2,14.7
2019-07-19,16.6,16.3,15.6
2019-07-20,19.1,16.5,16.4
2019-07-21,18.1,16.9,16.3
2019-07-22,20.6,20.7,20.2
2019-07-23,23.1,21.9,20.3
2019-07-24,24.8,21.7,20.7
2019-07-25,27.5,24.6,22.5
2019-07-26,22.2,20.3,20.1
2019-07-27,17.7,16.2,16.1
2019-07-28,17.9,15.2,16.9
2019-07-29,18.8,17.6,17.1
2019-07-30,18.3,17.8,16.4
2019-07-31,18.3,16.8,15.8
2019-08-01,18.6,17.9,16.0
2019-08-02,18.9,17.4,15.6
2019-08-03,18.9,18.3,16.1
2019-08-04,19.3,18.5,17.0
2019-08-05,19.4,17.3,16.6
2019-08-06,18.5,16.6,15.5
2019-08-07,18.0,15.6,15.3
2019-08-08,18.6,16.9,15.4
2019-08-09,20.3,18.7,16.2
2019-08-10,18.4,16.9,16.5
2019-08-11,17.7,14.7,13.6
2019-08-12,14.8,13.1,12.5
2019-08-13,15.4,13.3,12.6
2019-08-14,15.6,15.1,13.9
2019-08-15,17.6,14.8,15.0
2019-08-16,15.8,15.3,16.6
2019-08-17,18.3,15.6,14.8
2019-08-18,16.7,15.1,14.0
2019-08-19,16.0,14.5,14.1
2019-08-20,15.1,14.1,13.6
2019-08-21,15.8,15.7,14.7
2019-08-22,17.4,16.9,15.8
2019-08-23,18.9,17.8,18.0
2019-08-24,19.7,19.2,17.5
2019-08-25,22.5,20.9,18.7
2019-08-26,22.5,17.8,17.6
2019-08-27,23.3,18.5,16.2
2019-08-28,20.4,14.8,15.4
2019-08-29,17.6,14.8,15.0
2019-08-30,17.6,17.2,16.7
2019-08-31,17.1,14.5,14.8
2019-09-01,15.2,12.4,12.3
2019-09-02,15.2,13.9,13.0
2019-09-03,17.3,16.1,15.7
2019-09-04,16.9,14.1,12.2
2019-09-05,14.3,12.4,12.1
2019-09-06,13.6,13.2,13.2
2019-09-07,13.7,12.8,11.2
2019-09-08,12.5,11.3,11.5
2019-09-09,12.8,12.4,12.8
2019-09-10,14.1,12.4,13.1
2019-09-11,16.8,15.0,14.8
2019-09-12,18.3,15.1,13.3
2019-09-13,16.6,12.0,12.4
2019-09-14,15.1,12.4,14.4
2019-09-15,17.4,13.4,11.7
2019-09-16,16.5,12.6,11.1
2019-09-17,14.2,11.5,11.2
2019-09-18,12.6,10.9,12.6
2019-09-19,14.1,11.8,14.0
2019-09-20,14.6,14.1,14.0
2019-09-21,17.6,16.3,14.5
2019-09-22,17.9,16.8,13.6
2019-09-23,15.8,14.8,14.8
2019-09-24,16.8,15.3,14.8
2019-09-25,16.1,14.7,14.6
2019-09-26,16.7,14.7,13.7
2019-09-27,14.7,12.6,11.1
2019-09-28,15.1,13.1,11.6
2019-09-29,16.1,12.1,11.5
2019-09-30,13.9,12.1,10.3
2019-10-01,15.2,10.9,9.1
2019-10-02,9.4,7.3,8.0
2019-10-03,9.3,8.1,7.8
2019-10-04,12.6,11.8,10.1
2019-10-05,12.3,12.0,10.1
2019-10-06,13.7,11.7,10.7
2019-10-07,12.5,11.8,12.0
2019-10-08,13.4,11.7,11.3
2019-10-09,11.5,10.4,10.3
2019-10-10,12.6,12.1,11.1
2019-10-11,15.1,12.4,11.1
2019-10-12,11.5,10.9,9.9
2019-10-13,13.1,10.5,9.1
2019-10-14,12.8,10.1,9.4
2019-10-15,12.0,10.8,9.0
2019-10-16,12.5,10.7,10.0
2019-10-17,11.0,9.7,9.2
2019-10-18,11.6,9.7,8.2
2019-10-19,10.7,9.2,8.7
2019-10-20,8.5,8.2,8.1
2019-10-21,10.4,9.5,7.1
2019-10-22,8.5,7.4,9.7
2019-10-23,9.6,8.4,10.9
2019-10-24,11.1,9.1,9.8
2019-10-25,12.9,8.8,5.6
2019-10-26,14.0,6.6,6.4
2019-10-27,6.7,7.4,7.0
2019-10-28,6.6,4.8,5.0
2019-10-29,8.2,6.0,6.1
2019-10-30,8.8,6.9,5.3
2019-10-31,8.0,7.6,5.6
2019-11-01,13.0,11.4,8.1
2019-11-02,11.4,8.7,9.9
2019-11-03,8.7,7.0,8.9
2019-11-04,8.6,7.7,8.6
2019-11-05,8.6,8.1,7.2
2019-11-06,6.3,4.9,5.2
2019-11-07,6.8,6.4,5.9
2019-11-08,4.1,5.4,3.9
2019-11-09,5.0,2.8,3.1
2019-11-10,7.0,4.9,3.1
2019-11-11,6.7,5.9,4.8
2019-11-12,5.5,5.9,4.5
2019-11-13,5.5,4.0,1.7
2019-11-14,5.2,4.9,3.0
2019-11-15,5.6,6.4,5.6
2019-11-16,5.5,7.5,5.3
2019-11-17,4.3,6.7,4.3
2019-11-18,4.9,2.2,0.4
2019-11-19,2.7,2.1,0.7
2019-11-20,4.8,5.4,4.4
2019-11-21,5.0,4.8,5.1
2019-11-22,7.9,6.8,5.6
2019-11-23,8.5,8.2,7.8
2019-11-24,9.3,7.7,7.8
2019-11-25,10.3,9.3,7.2
2019-11-26,10.9,9.3,8.0
2019-11-27,9.6,7.9,6.9
2019-11-28,7.9,6.7,5.9
2019-11-29,4.3,1.4,1.2
2019-11-30,2.9,1.8,-0.0
2019-12-01,4.1,0.9,0.1
2019-12-02,0.8,0.3,5.3
2019-12-03,3.7,3.0,5.9
2019-12-04,3.4,3.6,7.5
2019-12-05,3.8,6.7,8.5
2019-12-06,10.3,9.9,9.5
2019-12-07,7.5,8.8,8.8
2019-12-08,8.9,7.5,6.5
2019-12-09,5.5,4.9,4.2
2019-12-10,6.9,7.1,7.6
2019-12-11,4.6,4.1,4.3
2019-12-12,5.1,4.1,3.3
2019-12-13,6.3,5.6,4.2
2019-12-14,5.9,4.0,4.0
2019-12-15,7.0,4.2,2.8
2019-12-16,7.0,3.8,3.7
2019-12-17,6.3,1.5,4.1
2019-12-18,6.8,4.1,3.5
2019-12-19,11.2,10.1,8.3
2019-12-20,8.1,6.8,7.1
2019-12-21,8.3,5.7,4.7
2019-12-22,7.3,5.5,3.9
2019-12-23,6.8,6.1,6.4
2019-12-24,9.0,6.6,4.6
2019-12-25,4.0,5.3,3.5
2019-12-26,6.6,5.1,4.3
2019-12-27,6.6,5.5,7.4
2019-12-28,7.8,7.9,10.1
2019-12-29,5.9,7.2,9.9
2019-12-30,5.4,6.7,8.5
2019-12-31,6.0,5.0,1.8
2020-01-01,5.0,5.4,5.7
2020-01-02,8.3,7.8,9.1
2020-01-03,7.6,6.9,5.8
2020-01-04,4.4,6.6,7.9
2020-01-05,5.9,7.3,8.9
2020-01-06,7.2,7.2,8.2
2020-01-07,8.9,9.1,9.9
2020-01-08,10.8,8.3,5.4
2020-01-09,10.7,6.3,3.3
2020-01-10,5.4,4.0,4.0
2020-01-11,8.9,9.9,9.3
2020-01-12,8.9,6.1,4.8
2020-01-13,8.2,6.1,5.4
2020-01-14,10.2,7.1,4.5
2020-01-15,8.2,6.1,5.4
2020-01-16,9.3,8.0,7.2
2020-01-17,7.3,5.7,4.7
2020-01-18,2.7,3.5,3.7
2020-01-19,0.9,-0.4,4.1
2020-01-20,1.1,1.7,6.4
2020-01-21,0.2,5.5,8.8
2020-01-22,5.2,6.7,9.6
2020-01-23,6.1,6.3,8.1
2020-01-24,5.9,6.7,8.3
2020-01-25,5.8,6.0,7.5
2020-01-26,8.1,6.3,5.7
2020-01-27,6.8,4.6,3.2
2020-01-28,4.2,3.7,3.2
2020-01-29,5.1,6.0,5.4
2020-01-30,9.3,8.4,8.5
2020-01-31,10.5,9.8,9.9
2020-02-01,9.5,8.3,7.5
2020-02-02,10.0,7.8,4.7
2020-02-03,8.8,6.6,5.3
2020-02-04,6.1,5.7,5.7
2020-02-05,3.9,3.6,5.4
2020-02-06,2.7,2.0,4.5
2020-02-07,4.9,4.4,3.5
2020-02-08,8.7,7.7,6.6
2020-02-09,10.2,9.5,7.3
2020-02-10,6.8,4.6,3.5
2020-02-11,4.8,3.7,3.1
2020-02-12,4.8,3.5,2.5
2020-02-13,6.9,4.3,3.2
2020-02-14,6.7,5.2,5.6
2020-02-15,11.3,9.3,7.1
2020-02-16,9.8,7.6,6.0
2020-02-17,7.3,6.3,5.4
2020-02-18,6.6,5.4,3.9
2020-02-19,5.6,5.7,5.7
2020-02-20,7.5,6.8,5.4
2020-02-21,7.4,7.3,7.5
2020-02-22,10.6,8.0,4.9
2020-02-23,10.1,5.5,4.0
2020-02-24,9.2,6.7,2.4
2020-02-25,5.4,3.9,2.4
2020-02-26,3.6,2.9,2.1
2020-02-27,3.4,2.5,2.7
2020-02-28,5.9,4.9,3.9
2020-02-29,7.2,6.4,4.9
2020-03-01,6.1,4.7,4.1
2020-03-02,5.2,2.5,3.4
2020-03-03,4.4,3.6,4.4
2020-03-04,4.1,3.8,3.4
2020-03-05,5.4,3.2,2.4
2020-03-06,4.7,2.6,3.3
2020-03-07,7.1,7.9,7.8
2020-03-08,9.2,8.0,7.1
2020-03-09,7.4,7.0,6.4
2020-03-10,12.4,10.4,7.6
2020-03-11,10.9,7.6,5.1
2020-03-12,7.2,5.3,3.7
2020-03-13,6.9,6.6,3.8
2020-03-14,9.1,8.2,6.6
2020-03-15,8.9,7.6,7.3
2020-03-16,6.3,7.0,5.8
2020-03-17,8.6,10.7,7.7
2020-03-18,11.0,6.7,5.0
2020-03-19,7.5,5.6,4.7
2020-03-20,6.6,5.2,3.0
2020-03-21,6.5,5.0,4.2
2020-03-22,5.9,5.0,4.4
2020-03-23,5.3,5.7,6.7
2020-03-24,6.0,8.8,9.3
2020-03-25,5.5,8.5,9.7
2020-03-26,5.5,6.8,6.9
2020-03-27,6.8,5.3,5.8
2020-03-28,6.7,6.0,4.5
2020-03-29,4.7,3.8,3.8
2020-03-30,5.3,5.3,6.4
2020-03-31,5.6,5.9,6.5
2020-04-01,4.3,6.2,7.0
2020-04-02,8.1,7.7,6.6
2020-04-03,8.4,6.2,4.8
2020-04-04,8.4,8.3,7.8
2020-04-05,12.8,12.9,12.3
2020-04-06,12.5,11.0,10.3
2020-04-07,11.3,9.0,8.9
2020-04-08,13.6,11.7,10.6
2020-04-09,13.4,11.8,7.9
2020-04-10,13.4,14.4,10.3
2020-04-11,15.2,13.0,11.9
2020-04-12,15.6,11.3,8.1
2020-04-13,8.3,6.3,4.8
2020-04-14,7.2,5.5,7.1
2020-04-15,8.7,8.6,9.5
2020-04-16,11.6,10.8,8.0
2020-04-17,10.0,9.5,6.8
2020-04-18,9.9,8.2,6.3
2020-04-19,10.6,9.4,7.6
2020-04-20,11.3,9.2,7.6
2020-04-21,12.5,10.6,8.1
2020-04-22,13.1,11.3,8.5
2020-04-23,13.8,12.4,8.5
2020-04-24,13.0,12.5,8.3
2020-04-25,10.1,12.7,9.5
2020-04-26,11.4,12.4,9.8
2020-04-27,12.2,10.5,7.2
2020-04-28,8.8,8.3,6.9
2020-04-29,10.2,8.1,6.9
2020-04-30,9.1,8.8,7.8
2020-05-01,10.4,8.6,9.1
2020-05-02,10.7,9.3,9.4
2020-05-03,10.1,9.7,8.7
2020-05-04,11.6,10.4,7.4
2020-05-05,9.8,9.2,7.5
2020-05-06,10.4,10.2,9.6
2020-05-07,13.3,13.5,12.1
2020-05-08,16.1,13.8,13.8
2020-05-09,16.0,15.9,13.4
2020-05-10,11.5,8.7,5.8
2020-05-11,8.4,6.0,6.1
2020-05-12,8.6,7.0,7.3
2020-05-13,8.6,7.0,5.3
2020-05-14,8.2,7.3,8.3
2020-05-15,10.4,9.5,9.3
2020-05-16,11.2,10.1,10.5
2020-05-17,13.3,12.5,11.7
2020-05-18,15.7,12.8,13.4
2020-05-19,17.4,14.1,14.6
2020-05-20,18.6,17.5,16.8
2020-05-21,19.1,15.4,14.0
2020-05-22,17.6,15.2,13.5
2020-05-23,14.3,13.0,10.4
2020-05-24,15.8,13.2,12.7
2020-05-25,17.4,14.4,13.7
2020-05-26,18.7,14.8,13.9
2020-05-27,17.9,15.4,12.4
2020-05-28,15.3,17.2,17.2
2020-05-29,15.4,17.8,18.3
2020-05-30,16.5,16.9,16.2
2020-05-31,17.4,17.4,14.1
2020-06-01,17.8,17.2,16.0
2020-06-02,17.8,17.1,15.6
2020-06-03,14.9,12.6,10.5
2020-06-04,12.5,10.8,9.3
2020-06-05,12.7,9.8,8.9
2020-06-06,11.1,11.2,11.0
2020-06-07,12.3,12.6,10.6
2020-06-08,12.4,11.4,9.7
2020-06-09,13.7,12.4,11.4
2020-06-10,12.7,12.5,11.1
2020-06-11,14.6,12.3,10.9
2020-06-12,16.1,14.0,11.7
2020-06-13,17.2,17.4,11.9
2020-06-14,16.7,17.2,13.1
2020-06-15,17.1,17.0,12.3
2020-06-16,16.8,16.6,13.5
2020-06-17,16.9,16.7,12.9
2020-06-18,15.6,13.4,11.5
2020-06-19,15.6,13.8,13.9
2020-06-20,16.3,15.3,15.7
2020-06-21,16.7,15.0,14.3
2020-06-22,16.0,15.6,14.4
2020-06-23,19.7,18.8,16.7
2020-06-24,22.3,22.0,18.8
2020-06-25,23.2,23.0,17.8
2020-06-26,21.2,20.5,15.7
2020-06-27,16.6,15.6,15.4
2020-06-28,15.6,12.8,12.9
2020-06-29,15.3,12.7,12.7
2020-06-30,15.8,13.8,14.5
2020-07-01,17.1,14.6,11.9
2020-07-02,16.1,13.9,12.6
2020-07-03,16.1,14.2,12.9
2020-07-04,18.1,16.4,13.2
2020-07-05,17.4,14.5,13.0
2020-07-06,15.5,13.2,12.9
2020-07-07,15.4,12.1,12.8
2020-07-08,16.6,13.4,12.3
2020-07-09,17.4,13.1,13.3
2020-07-10,15.0,13.0,13.0
2020-07-11,14.9,12.9,13.0
2020-07-12,16.3,14.0,14.5
2020-07-13,17.9,15.0,15.5
2020-07-14,17.3,13.6,13.7
2020-07-15,16.0,13.9,14.3
2020-07-16,18.5,15.8,16.7
2020-07-17,20.9,17.0,16.1
2020-07-18,19.0,15.4,14.4
2020-07-19,16.7,13.1,12.9
2020-07-20,15.9,12.3,13.0
2020-07-21,15.8,13.4,13.8
2020-07-22,17.9,15.3,14.3
2020-07-23,19.0,15.5,16.0
2020-07-24,19.2,16.7,15.2
2020-07-25,18.3,16.4,16.2
2020-07-26,17.2,15.7,14.5
2020-07-27,17.7,15.5,13.5
2020-07-28,16.2,13.3,12.8
2020-07-29,16.4,14.3,13.0
2020-07-30,19.4,17.5,13.7
2020-07-31,24.2,21.9,20.1
2020-08-01,20.4,15.7,16.2
2020-08-02,18.0,14.4,13.9
2020-08-03,17.6,13.7,12.8
2020-08-04,17.2,14.3,14.7
2020-08-05,19.8,18.4,17.2
2020-08-06,21.3,19.3,17.2
2020-08-07,24.6,20.9,18.3
2020-08-08,25.4,19.0,14.5
2020-08-09,23.6,17.9,13.6
2020-08-10,25.5,20.1,14.3
2020-08-11,26.1,21.7,15.4
2020-08-12,26.0,22.8,16.9
2020-08-13,22.6,19.7,15.7
2020-08-14,19.3,18.8,15.0
2020-08-15,19.4,17.4,14.9
2020-08-16,19.6,16.6,13.8
2020-08-17,18.0,16.9,13.7
2020-08-18,18.2,17.0,15.7
2020-08-19,18.5,17.6,16.3
2020-08-20,19.9,18.4,18.0
2020-08-21,19.6,17.0,16.3
2020-08-22,18.0,15.5,15.4
2020-08-23,17.1,15.1,13.3
2020-08-24,16.6,15.2,12.1
2020-08-25,17.7,16.0,12.7
2020-08-26,17.2,15.0,12.5
2020-08-27,15.0,13.2,12.5
2020-08-28,14.0,12.6,12.0
2020-08-29,13.1,11.7,11.1
2020-08-30,13.6,11.0,11.3
2020-08-31,13.0,11.8,12.2
2020-09-01,14.4,14.4,13.7
2020-09-02,14.9,14.3,15.2
2020-09-03,17.7,16.4,15.0
2020-09-04,15.2,13.5,13.0
2020-09-05,13.9,12.8,12.2
2020-09-06,13.5,13.2,12.7
2020-09-07,15.1,14.2,15.2
2020-09-08,18.9,18.4,17.2
2020-09-09,17.5,14.8,13.4
2020-09-10,13.7,11.2,11.8
2020-09-11,14.2,13.7,12.9
2020-09-12,15.7,14.0,12.5
2020-09-13,17.0,17.0,16.9
2020-09-14,18.2,17.0,16.2
2020-09-15,21.3,18.4,16.1
2020-09-16,19.6,15.2,12.0
2020-09-17,15.8,14.0,13.0
2020-09-18,15.6,12.1,12.3
2020-09-19,17.6,13.4,11.3
2020-09-20,17.9,13.5,13.3
2020-09-21,16.4,13.2,12.8
2020-09-22,17.6,14.4,13.7
2020-09-23,15.3,12.3,9.6
2020-09-24,11.0,9.0,8.3
2020-09-25,10.4,9.4,8.7
2020-09-26,10.1,8.4,8.2
2020-09-27,11.9,8.0,7.1
2020-09-28,13.1,9.6,10.1
2020-09-29,14.8,11.3,10.2
2020-09-30,14.2,11.5,11.4
2020-10-01,12.2,9.9,9.2
2020-10-02,12.1,10.7,8.6
2020-10-03,13.2,11.5,9.7
2020-10-04,9.8,11.2,12.1
2020-10-05,12.1,11.5,10.7
2020-10-06,12.5,10.6,11.0
2020-10-07,12.0,10.9,10.7
2020-10-08,13.9,10.7,8.8
2020-10-09,9.2,8.6,7.9
2020-10-10,9.0,9.9,9.2
2020-10-11,9.0,8.3,9.2
2020-10-12,9.4,9.0,8.9
2020-10-13,9.1,8.3,8.6
2020-10-14,10.3,10.0,10.1
2020-10-15,9.3,7.9,7.9
2020-10-16,9.5,8.3,8.3
2020-10-17,10.0,8.6,8.7
2020-10-18,9.3,8.2,8.0
2020-10-19,11.3,10.8,10.8
2020-10-20,14.7,13.5,11.5
2020-10-21,14.1,12.9,12.3
2020-10-22,12.8,9.0,9.2
2020-10-23,12.1,7.4,8.0
2020-10-24,12.9,10.1,9.6
2020-10-25,10.2,8.2,8.4
2020-10-26,8.9,8.3,9.0
2020-10-27,9.6,8.2,7.7
2020-10-28,9.8,7.8,7.9
2020-10-29,11.4,10.6,9.9
2020-10-30,15.1,12.0,10.2
2020-10-31,13.2,12.3,10.4
2020-11-01,14.6,12.4,9.7
2020-11-02,13.7,10.9,8.4
2020-11-03,7.5,5.9,6.1
2020-11-04,5.0,5.8,7.5
2020-11-05,4.5,7.3,10.4
2020-11-06,6.1,7.5,7.6
2020-11-07,8.8,7.4,4.4
2020-11-08,11.5,10.8,7.6
2020-11-09,13.1,11.2,9.2
2020-11-10,11.4,11.2,10.4
2020-11-11,11.2,10.9,10.9
2020-11-12,10.6,9.9,10.0
2020-11-13,11.0,9.4,8.7
2020-11-14,12.8,10.9,9.7
2020-11-15,11.2,9.4,9.0
2020-11-16,10.5,10.3,9.5
2020-11-17,12.7,13.5,13.7
2020-11-18,12.1,10.8,10.9
2020-11-19,7.0,6.5,4.3
2020-11-20,6.0,7.5,9.0
2020-11-21,10.6,10.2,8.9
2020-11-22,8.9,6.8,6.2
2020-11-23,6.0,5.7,8.4
2020-11-24,9.7,10.4,10.8
2020-11-25,9.8,7.3,6.5
2020-11-26,4.7,5.0,4.7
2020-11-27,4.8,3.0,4.9
2020-11-28,7.5,6.4,3.3
2020-11-29,7.4,7.3,6.0
2020-11-30,7.5,8.0,7.4
2020-12-01,4.5,3.4,5.1
2020-12-02,3.7,6.1,6.4
2020-12-03,5.0,3.6,2.6
2020-12-04,3.5,2.4,4.8
2020-12-05,3.8,2.9,5.4
2020-12-06,2.7,2.4,3.7
2020-12-07,2.4,2.1,3.2
2020-12-08,2.5,4.7,4.9
2020-12-09,4.7,5.5,5.2
2020-12-10,6.8,6.4,5.2
2020-12-11,7.5,7.5,5.7
2020-12-12,6.3,6.5,5.5
2020-12-13,6.8,6.7,5.5
2020-12-14,10.3,8.4,8.2
2020-12-15,8.5,6.7,7.4
2020-12-16,8.9,7.9,7.7
2020-12-17,8.5,7.2,7.8
2020-12-18,11.1,11.8,11.2
2020-12-19,9.9,9.2,8.1
2020-12-20,7.6,6.2,6.2
2020-12-21,11.0,7.6,5.9
2020-12-22,10.8,4.5,4.6
2020-12-23,10.4,5.3,3.7
2020-12-24,4.5,1.2,1.3
2020-12-25,1.6,0.4,3.4
2020-12-26,6.0,7.0,6.2
2020-12-27,5.4,4.2,2.5
2020-12-28,1.4,1.1,1.3
2020-12-29,1.3,-0.2,2.1
2020-12-30,0.5,-0.2,0.1
2020-12-31,-0.6,-0.4,2.1
2021-01-01,1.0,0.3,2.3
2021-01-02,2.3,-0.3,0.8
2021-01-03,1.8,2.8,2.4
2021-01-04,3.1,2.5,3.4
2021-01-05,2.6,2.2,2.8
2021-01-06,2.2,0.5,0.7
2021-01-07,-0.9,-1.8,1.1
2021-01-08,-0.4,1.1,-1.0
2021-01-09,-0.7,0.0,0.5
2021-01-10,0.2,3.4,5.3
2021-01-11,5.3,6.7,7.0
2021-01-12,5.7,3.7,0.7
2021-01-13,5.3,2.5,0.4
2021-01-14,4.9,2.5,2.1
2021-01-15,1.7,-0.6,1.6
2021-01-16,4.1,5.1,5.3
2021-01-17,4.2,5.2,5.0
2021-01-18,4.6,5.6,5.5
2021-01-19,10.1,8.8,4.0
2021-01-20,9.9,8.3,2.0
2021-01-21,5.7,3.4,2.0
2021-01-22,2.7,2.9,1.7
2021-01-23,0.4,1.0,-0.6
2021-01-24,-0.3,-0.6,-0.1
2021-01-25,0.4,0.7,2.4
2021-01-26,2.2,2.1,2.6
2021-01-27,7.6,7.0,3.6
2021-01-28,10.4,7.7,3.2
2021-01-29,8.9,7.1,3.5
2021-01-30,4.5,3.2,2.1
2021-01-31,2.3,0.9,0.6
2021-02-01,3.7,1.9,1.1
2021-02-02,9.2,4.0,2.1
2021-02-03,7.4,6.2,2.2
2021-02-04,6.1,6.0,3.0
2021-02-05,6.6,6.0,3.6
2021-02-06,4.6,4.0,2.9
2021-02-07,1.1,1.7,1.2
2021-02-08,-1.4,0.3,0.2
2021-02-09,-1.3,-0.9,-0.3
2021-02-10,-3.0,-1.5,-2.0
2021-02-11,-4.8,-1.0,-1.4
2021-02-12,-2.4,-1.0,-0.6
2021-02-13,-2.5,-1.4,-1.6
2021-02-14,2.5,3.9,4.4
2021-02-15,8.9,8.4,7.9
2021-02-16,8.9,8.9,8.0
2021-02-17,9.2,8.3,6.8
2021-02-18,8.1,7.6,6.9
2021-02-19,8.3,8.5,7.7
2021-02-20,12.3,11.1,10.1
2021-02-21,10.8,9.0,8.0
2021-02-22,9.4,7.6,7.4
2021-02-23,9.8,10.0,9.4
2021-02-24,12.5,12.1,9.9
2021-02-25,9.5,6.5,6.7
2021-02-26,4.8,4.8,6.6
2021-02-27,5.3,3.7,7.9
2021-02-28,4.7,3.5,6.8
2021-03-01,5.6,3.7,3.8
2021-03-02,4.5,3.0,2.7
2021-03-03,6.0,2.8,2.9
2021-03-04,5.1,4.0,3.7
2021-03-05,3.7,2.6,1.8
2021-03-06,2.8,2.9,2.8
2021-03-07,2.2,1.9,5.5
2021-03-08,3.6,3.5,7.4
2021-03-09,5.6,5.7,7.3
2021-03-10,7.5,8.3,7.6
2021-03-11,8.8,7.1,6.0
2021-03-12,7.1,5.3,4.5
2021-03-13,6.5,4.8,4.1
2021-03-14,7.2,6.4,5.6
2021-03-15,8.3,7.7,6.4
2021-03-16,8.9,8.7,9.7
2021-03-17,6.4,5.6,7.5
2021-03-18,6.8,6.1,9.4
2021-03-19,7.1,8.8,8.0
2021-03-20,6.0,8.2,8.9
2021-03-21,8.2,6.7,6.6
2021-03-22,6.9,7.1,7.6
2021-03-23,7.3,7.5,7.9
2021-03-24,8.0,8.9,7.2
2021-03-25,7.6,8.8,8.0
2021-03-26,8.3,7.3,6.2
2021-03-27,7.1,6.6,5.6
2021-03-28,10.1,10.8,10.2
2021-03-29,10.8,12.7,13.5
2021-03-30,11.7,11.8,11.8
2021-03-31,14.1,12.8,7.4
2021-04-01,10.2,7.4,4.3
2021-04-02,6.6,5.5,4.6
2021-04-03,6.8,5.8,6.6
2021-04-04,7.1,6.1,6.8
2021-04-05,5.1,4.2,2.2
2021-04-06,2.6,1.8,1.1
2021-04-07,2.6,2.2,2.1
2021-04-08,6.6,7.1,6.2
2021-04-09,7.9,5.8,3.3
2021-04-10,6.1,2.7,1.8
2021-04-11,3.7,2.5,1.4
2021-04-12,3.3,2.4,3.0
2021-04-13,5.0,4.3,4.2
2021-04-14,5.9,5.7,4.9
2021-04-15,4.8,5.0,6.4
2021-04-16,4.9,6.2,7.0
2021-04-17,5.9,7.7,7.1
2021-04-18,7.5,8.5,8.2
2021-04-19,8.5,8.6,10.3
2021-04-20,9.3,9.7,8.6
2021-04-21,8.8,8.7,6.2
2021-04-22,7.0,6.9,8.8
2021-04-23,7.9,9.7,8.7
2021-04-24,9.1,10.3,7.6
2021-04-25,7.9,8.0,6.9
2021-04-26,7.2,8.1,9.0
2021-04-27,8.3,9.0,6.6
2021-04-28,8.0,7.3,5.9
2021-04-29,7.2,5.6,5.2
2021-04-30,6.5,5.4,5.1
2021-05-01,7.0,6.6,6.1
2021-05-02,8.0,6.7,6.5
2021-05-03,8.9,7.3,5.3
2021-05-04,9.6,6.4,5.3
2021-05-05,6.7,5.6,4.3
2021-05-06,6.6,5.5,4.2
2021-05-07,8.2,7.0,5.8
2021-05-08,11.9,9.6,6.0
2021-05-09,15.3,12.7,11.0
2021-05-10,12.4,11.4,11.3
2021-05-11,11.4,9.7,10.9
2021-05-12,12.0,9.9,8.5
2021-05-13,10.7,11.3,7.8
2021-05-14,10.3,10.1,8.4
2021-05-15,10.4,9.9,9.0
2021-05-16,10.6,10.3,8.0
2021-05-17,11.6,9.6,9.4
2021-05-18,11.2,10.0,10.0
2021-05-19,11.2,9.8,9.7
2021-05-20,10.4,9.2,9.0
2021-05-21,11.1,10.4,8.1
2021-05-22,10.6,8.2,7.7
2021-05-23,9.9,8.6,8.3
2021-05-24,10.1,8.9,8.4
2021-05-25,10.5,9.9,8.6
2021-05-26,10.8,9.5,10.6
2021-05-27,13.4,11.8,11.1
2021-05-28,14.1,13.3,11.5
2021-05-29,14.0,14.2,11.8
2021-05-30,12.6,14.6,15.0
2021-05-31,15.6,14.8,15.3
2021-06-01,17.5,17.9,17.2
2021-06-02,19.1,17.8,13.1
2021-06-03,19.0,16.3,13.8
2021-06-04,14.5,14.0,13.7
2021-06-05,16.9,15.1,14.4
2021-06-06,16.7,15.4,14.1
2021-06-07,17.1,16.0,14.6
2021-06-08,17.5,16.0,15.4
2021-06-09,18.0,17.6,16.7
2021-06-10,18.4,18.7,17.5
2021-06-11,19.3,16.4,15.4
2021-06-12,18.4,14.3,13.5
2021-06-13,19.6,18.0,18.3
2021-06-14,21.1,15.1,13.1
2021-06-15,18.9,15.3,13.5
2021-06-16,21.0,17.1,15.1
2021-06-17,19.4,15.7,14.7
2021-06-18,14.8,14.3,11.5
2021-06-19,13.9,14.8,13.3
2021-06-20,14.9,13.1,13.2
2021-06-21,12.7,12.2,12.0
2021-06-22,12.8,12.6,12.5
2021-06-23,13.9,12.6,14.8
2021-06-24,15.1,15.8,15.3
2021-06-25,16.4,13.2,11.8
2021-06-26,16.0,15.1,11.1
2021-06-27,16.8,15.8,14.4
2021-06-28,17.2,16.0,14.9
2021-06-29,16.1,17.6,14.5
2021-06-30,14.3,15.7,12.9
2021-07-01,16.5,16.5,14.1
2021-07-02,18.2,16.2,13.6
2021-07-03,17.7,17.2,15.2
2021-07-04,16.5,16.4,15.7
2021-07-05,16.1,15.1,14.9
2021-07-06,15.5,14.1,12.7
2021-07-07,16.2,15.7,15.8
2021-07-08,16.6,15.5,15.8
2021-07-09,17.6,16.1,15.5
2021-07-10,15.4,17.4,15.5
2021-07-11,16.1,16.8,16.3
2021-07-12,16.5,15.9,15.3
2021-07-13,18.0,17.5,16.3
2021-07-14,18.6,16.8,17.5
2021-07-15,17.8,18.0,17.5
2021-07-16,17.9,18.4,18.4
2021-07-17,19.9,20.1,19.0
2021-07-18,22.4,20.3,17.0
2021-07-19,22.4,20.4,17.4
2021-07-20,22.7,20.8,16.5
2021-07-21,22.3,21.4,18.3
2021-07-22,20.9,22.3,16.7
2021-07-23,18.2,19.5,16.7
2021-07-24,18.3,17.1,15.3
2021-07-25,18.3,17.9,15.0
2021-07-26,19.3,18.2,18.5
2021-07-27,17.9,16.5,16.4
2021-07-28,16.6,14.9,15.2
2021-07-29,16.7,14.1,15.6
2021-07-30,16.6,14.2,15.0
2021-07-31,16.3,15.3,14.3
2021-08-01,16.3,15.1,13.2
2021-08-02,15.1,14.2,13.5
2021-08-03,15.7,14.2,14.6
2021-08-04,16.3,16.0,16.6
2021-08-05,16.5,16.0,16.9
2021-08-06,17.0,15.7,16.2
2021-08-07,16.0,14.6,15.8
2021-08-08,16.1,15.1,14.9
2021-08-09,15.9,15.1,15.0
2021-08-10,17.2,15.8,15.2
2021-08-11,17.3,16.5,14.9
2021-08-12,18.3,15.7,14.4
2021-08-13,17.4,16.0,14.6
2021-08-14,18.4,15.0,14.7
2021-08-15,18.0,15.7,13.4
2021-08-16,15.4,14.4,14.5
2021-08-17,15.5,15.1,15.9
2021-08-18,17.9,15.2,15.5
2021-08-19,16.6,15.9,13.8
2021-08-20,18.0,17.4,15.6
2021-08-21,17.2,16.8,16.5
2021-08-22,17.7,16.7,15.8
2021-08-23,16.9,16.8,14.9
2021-08-24,16.5,15.6,16.0
2021-08-25,16.8,16.2,16.5
2021-08-26,16.2,15.3,13.7
2021-08-27,15.1,13.5,12.6
2021-08-28,15.4,14.5,14.1
2021-08-29,14.7,14.2,13.5
2021-08-30,15.8,14.4,12.5
2021-08-31,15.8,14.1,12.9
2021-09-01,15.9,14.2,13.7
2021-09-02,16.0,15.0,12.7
2021-09-03,16.3,14.5,12.0
2021-09-04,15.7,14.9,13.2
2021-09-05,17.8,17.4,15.3
2021-09-06,19.8,18.4,17.4
2021-09-07,21.1,19.9,18.7
2021-09-08,21.4,21.6,18.0
2021-09-09,18.8,19.2,15.7
2021-09-10,18.2,17.8,17.1
2021-09-11,17.9,16.3,15.9
2021-09-12,16.3,14.3,12.5
2021-09-13,16.3,14.5,13.0
2021-09-14,16.6,14.5,13.9
2021-09-15,16.6,14.1,14.2
2021-09-16,16.2,15.0,14.9
2021-09-17,16.2,15.3,16.0
2021-09-18,17.3,17.0,15.1
2021-09-19,16.1,14.6,14.5
2021-09-20,15.4,13.3,13.5
2021-09-21,14.9,14.6,14.5
2021-09-22,14.9,14.2,15.4
2021-09-23,15.9,15.3,14.5
2021-09-24,16.8,16.1,16.0
2021-09-25,16.7,17.2,16.3
2021-09-26,16.9,16.6,17.2
2021-09-27,15.6,13.7,11.7
2021-09-28,13.5,11.3,10.5
2021-09-29,11.2,9.7,9.5
2021-09-30,12.6,12.4,11.9
2021-10-01,14.3,12.1,10.9
2021-10-02,12.3,10.3,9.8
2021-10-03,12.4,10.4,9.7
2021-10-04,13.0,10.8,10.2
2021-10-05,12.7,10.6,9.0
2021-10-06,12.0,12.0,10.2
2021-10-07,15.2,16.0,16.5
2021-10-08,15.7,15.3,15.8
2021-10-09,12.1,14.2,14.5
2021-10-10,12.8,12.9,11.2
2021-10-11,11.1,11.5,11.3
2021-10-12,11.1,12.6,11.5
2021-10-13,11.5,12.3,12.5
2021-10-14,12.4,12.5,11.8
2021-10-15,11.8,10.1,6.9
2021-10-16,11.7,10.0,8.2
2021-10-17,12.4,13.2,12.2
2021-10-18,13.5,13.8,14.3
2021-10-19,18.0,16.1,15.3
2021-10-20,15.1,11.2,10.3
2021-10-21,8.8,8.4,6.7
2021-10-22,8.2,9.7,8.7
2021-10-23,9.3,10.1,11.0
2021-10-24,12.2,11.4,12.4
2021-10-25,11.5,10.4,9.5
2021-10-26,12.2,12.2,12.7
2021-10-27,14.5,15.4,15.0
2021-10-28,13.7,14.4,13.3
2021-10-29,12.9,11.5,10.2
2021-10-30,11.2,9.6,8.8
2021-10-31,11.4,9.5,7.5
2021-11-01,9.4,8.1,7.7
2021-11-02,6.3,6.2,7.2
2021-11-03,5.7,5.3,6.4
2021-11-04,6.7,4.0,5.1
2021-11-05,5.2,5.5,9.9
2021-11-06,10.2,10.5,10.1
2021-11-07,9.4,10.0,8.2
2021-11-08,7.8,9.1,10.2
2021-11-09,12.2,12.8,11.4
2021-11-10,11.6,10.1,8.7
2021-11-11,10.8,9.4,9.5
2021-11-12,12.0,11.2,11.0
2021-11-13,11.1,9.7,8.0
2021-11-14,10.1,6.8,8.4
2021-11-15,9.8,8.0,9.8
2021-11-16,8.2,9.5,8.7
2021-11-17,7.7,8.9,8.2
2021-11-18,9.6,11.9,12.7
2021-11-19,10.8,11.2,12.5
2021-11-20,9.8,9.4,9.4
2021-11-21,6.4,4.0,4.9
2021-11-22,5.8,2.6,4.8
2021-11-23,4.2,4.6,7.8
2021-11-24,5.3,6.7,6.3
2021-11-25,3.8,2.3,4.1
2021-11-26,4.4,5.6,4.9
2021-11-27,3.2,2.1,1.7
2021-11-28,1.2,-1.2,1.1
2021-11-29,0.8,-0.2,3.9
2021-11-30,8.9,9.3,9.7
2021-12-01,7.5,5.4,4.4
2021-12-02,1.4,1.2,1.4
2021-12-03,5.4,5.4,6.2
2021-12-04,5.3,5.0,4.4
2021-12-05,5.2,4.9,3.2
2021-12-06,3.7,2.8,3.5
2021-12-07,4.4,4.1,3.2
2021-12-08,5.5,5.0,4.3
2021-12-09,5.2,6.1,4.6
2021-12-10,5.4,4.4,3.2
2021-12-11,4.8,5.5,6.8
2021-12-12,11.4,11.1,9.2
2021-12-13,10.3,8.6,7.0
2021-12-14,10.4,6.5,7.6
2021-12-15,10.5,8.1,10.4
2021-12-16,8.8,7.6,9.6
2021-12-17,7.5,5.2,7.3
2021-12-18,8.0,5.3,2.7
2021-12-19,6.4,2.9,2.8
2021-12-20,5.6,4.0,4.1
2021-12-21,3.6,1.4,2.2
2021-12-22,1.1,1.6,1.0
2021-12-23,6.9,6.2,4.8
2021-12-24,8.3,7.4,4.8
2021-12-25,6.9,4.3,2.2
2021-12-26,7.0,4.4,3.1
2021-12-27,8.7,6.8,4.4
2021-12-28,9.6,7.6,5.6
2021-12-29,10.5,8.5,7.4
2021-12-30,13.6,12.9,11.4
2021-12-31,13.1,12.9,10.8
2022-01-01,13.0,12.5,12.0
2022-01-02,10.9,9.3,8.6
2022-01-03,8.6,7.5,5.7
2022-01-04,4.5,2.8,1.5
2022-01-05,1.9,2.3,1.6
2022-01-06,1.7,2.0,2.8
2022-01-07,3.6,1.7,2.0
2022-01-08,5.8,4.7,4.3
2022-01-09,3.0,4.6,4.2
2022-01-10,5.1,6.9,6.8
2022-01-11,8.5,6.1,5.9
2022-01-12,3.7,3.2,8.6
2022-01-13,1.6,1.9,7.4
2022-01-14,0.3,2.4,7.2
2022-01-15,1.7,1.8,4.2
2022-01-16,3.5,3.3,5.7
2022-01-17,2.2,2.8,5.8
2022-01-18,2.4,2.1,5.8
2022-01-19,4.9,5.3,6.3
2022-01-20,1.6,0.5,2.3
2022-01-21,0.2,2.3,5.5
2022-01-22,2.1,5.5,7.8
2022-01-23,4.4,4.4,6.2
2022-01-24,3.3,1.5,6.0
2022-01-25,2.0,1.9,5.3
2022-01-26,3.6,6.1,8.5
2022-01-27,6.5,7.9,6.7
2022-01-28,4.4,6.4,7.3
2022-01-29,9.7,9.0,7.9
2022-01-30,4.0,4.4,4.5
2022-01-31,5.7,5.9,5.1
2022-02-01,9.4,9.3,8.8
2022-02-02,9.1,8.9,8.9
2022-02-03,8.2,8.7,8.4
2022-02-04,6.3,4.5,3.2
2022-02-05,6.2,6.0,4.7
2022-02-06,8.9,6.1,3.1
2022-02-07,6.6,5.6,6.1
2022-02-08,10.3,10.5,7.4
2022-02-09,9.4,7.5,4.6
2022-02-10,5.9,4.5,3.5
2022-02-11,3.3,3.5,2.7
2022-02-12,5.1,5.9,7.5
2022-02-13,8.0,8.3,6.1
2022-02-14,7.2,5.8,5.6
2022-02-15,6.6,6.0,4.7
2022-02-16,12.6,10.4,7.6
2022-02-17,8.6,5.7,4.3
2022-02-18,8.1,5.1,3.0
2022-02-19,5.4,2.7,3.7
2022-02-20,9.7,8.0,6.9
2022-02-21,7.0,6.1,6.0
2022-02-22,8.4,7.9,6.7
2022-02-23,6.5,7.2,6.1
2022-02-24,6.0,3.9,2.7
2022-02-25,5.6,5.1,5.4
2022-02-26,4.7,5.7,7.5
2022-02-27,5.2,5.6,6.2
2022-02-28,8.8,7.5,7.5
2022-03-01,8.0,5.1,4.7
2022-03-02,6.3,6.3,3.8
2022-03-03,8.6,7.0,6.2
2022-03-04,7.1,5.6,4.6
2022-03-05,5.9,3.6,3.6
2022-03-06,4.4,3.8,2.9
2022-03-07,4.2,2.6,3.3
2022-03-08,5.5,5.5,5.1
2022-03-09,9.3,9.1,8.3
2022-03-10,10.9,10.6,9.6
2022-03-11,9.9,9.9,9.6
2022-03-12,9.0,8.8,7.8
2022-03-13,8.4,9.0,8.6
2022-03-14,6.9,6.3,6.7
2022-03-15,8.6,7.1,6.9
2022-03-16,9.5,7.2,6.6
2022-03-17,7.0,5.9,5.8
2022-03-18,8.1,8.3,7.0
2022-03-19,9.1,9.0,7.8
2022-03-20,6.6,6.2,6.2
2022-03-21,7.5,6.1,3.9
2022-03-22,10.9,11.2,8.1
2022-03-23,10.7,10.9,9.8
2022-03-24,9.9,10.6,10.5
2022-03-25,8.8,10.8,10.3
2022-03-26,9.4,10.7,9.5
2022-03-27,8.1,9.5,9.6
2022-03-28,8.7,9.9,6.7
2022-03-29,9.3,8.7,5.3
2022-03-30,7.7,4.2,3.0
2022-03-31,3.7,2.6,2.5
2022-04-01,3.7,3.2,3.1
2022-04-02,3.2,3.1,3.3
2022-04-03,3.7,3.8,5.4
2022-04-04,9.1,9.5,10.4
2022-04-05,10.9,9.9,9.2
2022-04-06,10.5,8.9,7.8
2022-04-07,8.9,5.9,4.6
2022-04-08,6.0,4.2,4.0
2022-04-09,6.2,3.9,4.5
2022-04-10,7.4,5.4,5.9
2022-04-11,10.8,9.8,7.4
2022-04-12,12.7,11.4,7.1
2022-04-13,12.8,11.0,9.8
2022-04-14,12.3,10.1,9.5
2022-04-15,13.7,13.3,12.1
2022-04-16,12.0,13.6,12.5
2022-04-17,11.8,14.1,13.9
2022-04-18,10.9,10.1,9.9
2022-04-19,10.9,9.2,8.4
2022-04-20,11.3,10.7,8.6
2022-04-21,11.7,10.8,7.6
2022-04-22,11.6,10.5,8.4
2022-04-23,12.6,10.6,8.3
2022-04-24,12.5,10.2,7.6
2022-04-25,9.5,8.6,7.5
2022-04-26,10.0,9.2,6.9
2022-04-27,8.6,8.1,6.6
2022-04-28,9.5,7.6,6.6
2022-04-29,8.3,9.1,9.4
2022-04-30,10.4,9.7,9.7
2022-05-01,11.0,10.9,11.9
2022-05-02,11.9,11.9,9.5
2022-05-03,12.1,11.0,9.0
2022-05-04,12.5,10.9,11.9
2022-05-05,13.2,12.4,11.9
2022-05-06,14.8,12.5,12.9
2022-05-07,14.0,12.0,10.4
2022-05-08,12.2,12.9,13.3
2022-05-09,14.3,14.3,13.0
2022-05-10,15.4,14.2,12.0
2022-05-11,12.9,11.3,11.3
2022-05-12,12.6,11.1,10.4
2022-05-13,14.4,13.3,11.7
2022-05-14,14.5,14.0,12.7
2022-05-15,15.0,16.2,12.8
2022-05-16,16.2,15.3,10.8
2022-05-17,18.2,16.3,14.4
2022-05-18,16.6,14.9,14.1
2022-05-19,16.7,13.4,13.5
2022-05-20,13.5,12.3,12.6
2022-05-21,14.2,12.8,12.6
2022-05-22,15.5,14.5,13.9
2022-05-23,14.1,12.0,12.7
2022-05-24,12.7,11.2,11.3
2022-05-25,13.3,12.7,11.7
2022-05-26,15.7,13.3,11.0
2022-05-27,15.3,11.2,11.3
2022-05-28,12.7,11.6,10.9
2022-05-29,11.0,10.8,9.7
2022-05-30,10.9,9.3,9.1
2022-05-31,11.4,10.4,9.2
2022-06-01,12.3,11.5,11.3
2022-06-02,13.9,13.4,12.6
2022-06-03,16.3,14.1,10.6
2022-06-04,14.8,12.3,11.0
2022-06-05,13.8,10.8,10.4
2022-06-06,14.2,11.8,10.8
2022-06-07,15.5,14.9,11.6
2022-06-08,16.6,14.9,11.6
2022-06-09,15.4,14.1,14.3
2022-06-10,17.6,15.8,15.4
2022-06-11,16.5,15.0,14.0
2022-06-12,15.6,13.4,12.1
2022-06-13,15.3,13.0,12.6
2022-06-14,16.8,13.7,13.9
2022-06-15,18.7,14.8,15.7
2022-06-16,20.0,17.1,17.2
2022-06-17,23.4,19.8,15.0
2022-06-18,18.9,13.8,12.7
2022-06-19,14.5,13.6,13.6
2022-06-20,15.6,14.1,14.7
2022-06-21,16.5,16.0,15.7
2022-06-22,18.2,17.0,15.8
2022-06-23,18.2,19.0,18.0
2022-06-24,18.0,17.8,18.0
2022-06-25,15.9,15.6,15.6
2022-06-26,15.9,15.7,13.8
2022-06-27,15.3,13.6,14.4
2022-06-28,15.9,14.9,14.7
2022-06-29,16.3,16.0,15.7
2022-06-30,15.1,14.7,14.4
2022-07-01,15.4,14.2,13.9
2022-07-02,16.5,14.7,14.0
2022-07-03,16.2,13.3,14.3
2022-07-04,16.4,14.3,13.4
2022-07-05,16.6,14.8,14.3
2022-07-06,18.6,16.0,15.2
2022-07-07,19.7,16.5,16.8
2022-07-08,20.6,16.9,15.8
2022-07-09,20.3,16.6,16.2
2022-07-10,21.1,18.1,18.7
2022-07-11,23.3,21.0,19.6
2022-07-12,24.2,20.9,18.7
2022-07-13,22.9,16.4,14.8
2022-07-14,19.5,14.9,14.6
2022-07-15,19.3,14.7,16.0
2022-07-16,20.6,16.9,16.0
2022-07-17,22.7,22.2,19.4
2022-07-18,27.4,25.2,23.0
2022-07-19,29.1,26.6,23.6
2022-07-20,21.2,19.3,18.3
2022-07-21,20.4,16.2,14.9
2022-07-22,18.7,16.2,14.6
2022-07-23,19.5,17.5,16.9
2022-07-24,20.8,19.5,18.5
2022-07-25,19.9,16.1,15.8
2022-07-26,17.6,14.8,14.8
2022-07-27,17.5,15.4,13.5
2022-07-28,18.1,16.5,14.4
2022-07-29,19.9,17.1,17.4
2022-07-30,20.8,18.0,18.1
2022-07-31,21.3,16.9,14.1
2022-08-01,20.8,16.3,15.9
2022-08-02,21.0,20.7,20.2
2022-08-03,21.9,19.0,16.6
2022-08-04,20.0,15.1,14.0
2022-08-05,17.8,13.4,13.2
2022-08-06,17.5,14.2,14.4
2022-08-07,19.7,15.5,16.6
2022-08-08,20.8,16.6,16.7
2022-08-09,20.7,16.8,19.1
2022-08-10,21.5,20.4,19.7
2022-08-11,23.1,21.7,19.9
2022-08-12,24.2,22.6,16.3
2022-08-13,25.1,23.0,17.5
2022-08-14,25.2,23.9,16.8
2022-08-15,23.0,19.4,15.5
2022-08-16,19.7,17.5,14.4
2022-08-17,19.9,16.2,12.8
2022-08-18,19.9,17.8,16.3
2022-08-19,20.0,16.5,14.7
2022-08-20,18.2,17.0,14.8
2022-08-21,18.4,16.7,14.4
2022-08-22,18.1,17.5,14.4
2022-08-23,21.1,18.5,18.2
2022-08-24,22.2,18.4,16.7
2022-08-25,18.1,16.3,15.6
2022-08-26,18.1,15.3,14.5
2022-08-27,17.8,17.0,14.5
2022-08-28,17.5,18.0,14.5
2022-08-29,17.2,16.4,14.0
2022-08-30,18.3,15.2,12.6
2022-08-31,17.9,16.2,11.8
2022-09-01,19.0,17.1,13.8
2022-09-02,18.9,17.6,14.9
2022-09-03,18.8,18.7,17.6
2022-09-04,19.7,19.2,17.2
2022-09-05,19.6,18.8,18.6
2022-09-06,18.0,16.5,16.3
2022-09-07,17.2,16.8,15.8
2022-09-08,15.7,15.9,14.5
2022-09-09,16.2,15.2,14.0
2022-09-10,16.5,16.0,13.8
2022-09-11,17.2,16.1,15.2
2022-09-12,19.7,16.6,15.2
2022-09-13,17.3,13.2,13.9
2022-09-14,17.0,13.0,12.8
2022-09-15,15.0,13.1,11.5
2022-09-16,12.2,10.2,10.2
2022-09-17,11.4,10.7,10.9
2022-09-18,12.6,11.7,11.5
2022-09-19,13.4,12.3,12.8
2022-09-20,14.3,12.5,14.4
2022-09-21,14.9,13.9,15.0
2022-09-22,14.9,13.6,14.5
2022-09-23,15.0,12.3,12.1
2022-09-24,13.1,10.9,10.9
2022-09-25,12.3,10.0,12.2
2022-09-26,12.5,11.6,10.5
2022-09-27,10.9,9.2,9.3
2022-09-28,9.9,9.4,10.0
2022-09-29,10.4,11.7,12.1
2022-09-30,11.7,10.6,12.1
2022-10-01,14.9,12.9,11.5
2022-10-02,13.9,12.5,12.3
2022-10-03,12.4,12.0,12.6
2022-10-04,15.5,15.0,14.1
2022-10-05,15.5,13.7,11.7
2022-10-06,12.9,13.4,12.9
2022-10-07,14.4,12.6,11.2
2022-10-08,10.9,10.4,10.7
2022-10-09,11.5,11.4,11.9
2022-10-10,11.9,10.3,9.9
2022-10-11,9.3,9.8,10.6
2022-10-12,11.9,11.3,11.6
2022-10-13,13.3,10.3,10.2
2022-10-14,11.9,11.5,9.5
2022-10-15,12.4,11.1,8.7
2022-10-16,13.9,10.9,9.5
2022-10-17,15.0,13.0,11.9
2022-10-18,11.4,10.2,9.6
2022-10-19,14.1,11.5,9.6
2022-10-20,13.7,12.4,10.7
2022-10-21,14.9,13.5,11.8
2022-10-22,14.7,13.6,12.0
2022-10-23,15.3,13.1,12.5
2022-10-24,13.5,12.2,11.5
2022-10-25,13.7,12.5,11.9
2022-10-26,15.7,14.8,13.3
2022-10-27,16.4,14.8,13.9
2022-10-28,15.2,14.4,13.4
2022-10-29,16.5,13.7,12.8
2022-10-30,14.2,12.7,12.7
2022-10-31,14.2,12.9,12.8
2022-11-01,12.4,10.8,10.3
2022-11-02,12.1,9.9,9.2
2022-11-03,10.2,8.1,8.2
2022-11-04,8.4,7.4,7.3
2022-11-05,10.0,9.1,8.9
2022-11-06,12.6,8.6,9.3
2022-11-07,13.0,11.7,11.3
2022-11-08,12.9,11.0,10.3
2022-11-09,11.3,9.8,9.9
2022-11-10,13.1,13.8,14.0
2022-11-11,13.4,14.5,15.1
2022-11-12,11.7,12.1,12.3
2022-11-13,10.6,12.0,12.4
2022-11-14,11.0,10.9,10.5
2022-11-15,11.1,9.5,9.4
2022-11-16,9.8,7.2,6.4
2022-11-17,9.5,8.5,7.5
2022-11-18,8.3,8.4,8.1
2022-11-19,6.6,6.9,8.2
2022-11-20,7.2,6.8,5.9
2022-11-21,5.9,5.4,3.6
2022-11-22,5.6,5.6,5.0
2022-11-23,8.4,6.9,5.8
2022-11-24,9.0,7.6,7.7
2022-11-25,8.2,7.8,8.1
2022-11-26,9.9,9.7,10.6
2022-11-27,11.2,9.4,9.6
2022-11-28,7.2,6.1,6.9
2022-11-29,6.7,4.4,5.6
2022-11-30,6.4,4.5,4.4
2022-12-01,4.8,5.3,7.5
2022-12-02,5.0,4.5,7.3
2022-12-03,6.0,4.8,4.8
2022-12-04,5.0,4.5,4.9
2022-12-05,6.4,5.8,5.2
2022-12-06,4.5,2.2,3.3
2022-12-07,0.8,0.1,1.0
2022-12-08,-2.0,-1.9,0.0
2022-12-09,-2.3,-2.3,0.6
2022-12-10,-2.0,0.4,1.0
2022-12-11,-2.4,-0.1,0.6
2022-12-12,-0.1,-1.5,-2.3
2022-12-13,-1.6,-1.1,-3.0
2022-12-14,-1.4,-3.3,-2.1
2022-12-15,-2.9,-4.2,-1.4
2022-12-16,-2.9,-2.8,1.5
2022-12-17,-0.7,1.3,2.8
2022-12-18,2.1,2.6,2.7
2022-12-19,11.8,11.9,10.2
2022-12-20,9.0,7.8,6.2
2022-12-21,6.9,6.0,6.3
2022-12-22,8.3,4.9,5.4
2022-12-23,9.3,4.9,4.7
2022-12-24,8.5,6.9,6.9
2022-12-25,9.8,8.2,6.9
2022-12-26,5.9,4.4,2.6
2022-12-27,6.2,5.6,4.1
2022-12-28,10.5,7.9,6.8
2022-12-29,7.7,6.3,5.2
2022-12-30,9.6,8.2,6.4
2022-12-31,12.2,9.0,4.3
2023-01-01,10.2,7.6,4.1
2023-01-02,5.5,3.4,1.5
2023-01-03,8.3,7.2,6.3
2023-01-04,11.8,10.6,8.7
2023-01-05,10.5,9.8,7.9
2023-01-06,9.6,8.2,7.4
2023-01-07,10.1,9.8,8.5
2023-01-08,7.2,5.9,5.9
2023-01-09,5.7,5.3,5.2
2023-01-10,8.6,8.1,7.0
2023-01-11,8.6,6.7,6.2
2023-01-12,10.4,8.8,6.1
2023-01-13,7.4,6.5,5.7
2023-01-14,8.9,6.5,5.0
2023-01-15,4.6,4.0,3.7
2023-01-16,2.2,-0.2,-0.5
2023-01-17,-2.2,-2.5,-0.3
2023-01-18,-0.4,0.1,1.2
2023-01-19,-0.4,0.3,1.3
2023-01-20,1.7,1.2,1.0
2023-01-21,1.1,-0.5,2.6
2023-01-22,-1.9,1.6,5.9
2023-01-23,-1.0,3.2,8.1
2023-01-24,1.6,3.0,9.1
2023-01-25,0.9,5.0,7.7
2023-01-26,4.6,2.6,4.1
2023-01-27,3.8,3.2,3.2
2023-01-28,2.3,4.5,5.4
2023-01-29,4.4,6.6,6.9
2023-01-30,5.9,6.5,6.2
2023-01-31,6.3,7.4,6.1
2023-02-01,6.4,7.5,6.3
2023-02-02,7.7,9.1,9.4
2023-02-03,9.3,9.7,8.9
2023-02-04,7.5,8.1,7.7
2023-02-05,4.6,2.5,4.0
2023-02-06,2.3,0.5,6.3
2023-02-07,1.2,2.3,7.7
2023-02-08,0.5,2.2,7.2
2023-02-09,2.3,4.5,5.8
2023-02-10,2.6,5.5,8.2
2023-02-11,7.9,7.7,8.7
2023-02-12,7.2,6.4,7.0
2023-02-13,5.6,5.1,3.2
2023-02-14,5.1,4.7,6.0
2023-02-15,6.7,5.4,8.1
2023-02-16,9.7,8.7,8.3
2023-02-17,11.7,10.7,8.7
2023-02-18,10.9,10.5,5.1
2023-02-19,8.6,7.6,7.3
2023-02-20,9.3,10.3,10.4
2023-02-21,8.0,9.0,10.1
2023-02-22,5.9,6.2,6.3
2023-02-23,5.8,4.5,4.6
2023-02-24,4.0,7.2,7.1
2023-02-25,4.2,3.2,3.4
2023-02-26,4.0,3.7,3.9
2023-02-27,3.9,5.7,2.8
2023-02-28,4.5,6.4,4.9
2023-03-01,5.2,6.1,5.3
2023-03-02,4.0,4.9,5.3
2023-03-03,3.9,4.3,4.1
2023-03-04,5.0,3.6,3.4
2023-03-05,3.1,2.1,3.5
2023-03-06,3.8,4.5,3.2
2023-03-07,2.8,1.2,-0.2
2023-03-08,1.4,0.8,-1.1
2023-03-09,6.4,1.5,0.8
2023-03-10,3.9,2.0,1.9
2023-03-11,2.7,1.2,1.6
2023-03-12,10.1,9.0,7.8
2023-03-13,11.6,10.0,6.2
2023-03-14,6.2,3.2,1.5
2023-03-15,4.6,2.4,2.5
2023-03-16,10.5,9.7,8.5
2023-03-17,10.6,10.7,9.3
2023-03-18,10.1,9.7,8.8
2023-03-19,8.2,7.6,7.3
2023-03-20,9.8,10.5,8.1
2023-03-21,10.8,10.7,10.7
2023-03-22,11.3,10.4,8.8
2023-03-23,10.8,9.3,8.5
2023-03-24,9.7,9.1,7.9
2023-03-25,10.0,7.9,5.8
2023-03-26,7.3,6.3,3.7
2023-03-27,5.3,4.5,2.5
2023-03-28,7.2,7.5,5.9
2023-03-29,11.5,11.2,10.1
2023-03-30,12.0,11.0,10.4
2023-03-31,10.8,10.1,7.2
2023-04-01,9.6,7.9,5.5
2023-04-02,7.7,7.6,6.3
2023-04-03,5.4,5.2,5.9
2023-04-04,5.7,6.7,7.2
2023-04-05,6.8,8.4,9.8
2023-04-06,9.3,8.6,8.8
2023-04-07,8.1,6.9,6.1
2023-04-08,7.9,8.7,8.0
2023-04-09,9.6,10.0,9.9
2023-04-10,10.8,8.9,9.7
2023-04-11,8.8,7.9,7.4
2023-04-12,7.5,5.4,5.5
2023-04-13,8.2,7.2,5.0
2023-04-14,7.3,5.5,6.9
2023-04-15,9.6,7.4,7.1
2023-04-16,10.0,9.4,10.3
2023-04-17,10.5,11.3,11.6
2023-04-18,8.8,9.7,7.5
2023-04-19,10.1,9.6,8.0
2023-04-20,8.8,8.9,7.6
2023-04-21,7.3,9.6,8.2
2023-04-22,8.2,9.1,7.3
2023-04-23,10.3,8.9,7.0
2023-04-24,8.0,6.0,5.2
2023-04-25,6.5,4.8,4.4
2023-04-26,7.9,7.1,5.0
2023-04-27,9.4,8.9,7.6
2023-04-28,13.1,9.9,9.8
2023-04-29,10.9,11.3,7.4
2023-04-30,11.4,11.6,10.9
2023-05-01,12.0,11.3,9.1
2023-05-02,10.3,11.2,7.9
2023-05-03,9.4,10.9,9.7
2023-05-04,13.1,10.1,8.3
2023-05-05,13.6,12.8,9.5
2023-05-06,12.6,12.7,10.5
2023-05-07,15.0,13.7,11.4
2023-05-08,12.6,13.1,13.1
2023-05-09,13.8,13.1,13.0
2023-05-10,12.7,10.6,11.4
2023-05-11,12.3,11.9,9.8
2023-05-12,11.1,11.9,9.5
2023-05-13,11.6,11.8,11.3
2023-05-14,12.7,12.3,11.8
2023-05-15,11.8,10.1,9.7
2023-05-16,11.2,9.9,11.3
2023-05-17,12.0,11.8,11.5
2023-05-18,13.0,12.9,13.0
2023-05-19,12.0,12.2,13.0
2023-05-20,12.9,12.9,12.9
2023-05-21,13.0,13.6,12.1
2023-05-22,14.1,13.7,11.5
2023-05-23,12.9,13.2,11.9
2023-05-24,14.5,12.7,12.5
2023-05-25,13.4,14.6,12.5
2023-05-26,12.5,14.5,12.1
2023-05-27,12.9,15.2,13.4
2023-05-28,14.1,14.0,10.0
2023-05-29,12.4,12.3,12.1
2023-05-30,12.8,12.5,12.8
2023-05-31,13.9,12.8,11.7
2023-06-01,13.4,12.6,10.2
2023-06-02,13.1,12.9,10.7
2023-06-03,14.7,13.3,11.7
2023-06-04,14.9,13.7,12.2
2023-06-05,13.1,13.5,11.3
2023-06-06,13.1,12.5,11.5
2023-06-07,14.3,13.0,10.7
2023-06-08,14.9,12.9,11.2
2023-06-09,17.7,14.9,12.6
2023-06-10,21.4,19.4,14.7
2023-06-11,22.4,21.1,15.0
2023-06-12,21.3,21.3,15.3
2023-06-13,19.9,21.3,16.2
2023-06-14,19.0,18.2,17.6
2023-06-15,19.2,19.5,16.8
2023-06-16,19.2,20.8,17.5
2023-06-17,18.6,19.3,17.5
2023-06-18,19.0,18.3,17.0
2023-06-19,18.6,18.2,17.8
2023-06-20,19.0,16.5,16.2
2023-06-21,19.3,17.6,17.1
2023-06-22,20.2,18.3,17.0
2023-06-23,20.5,17.6,17.5
2023-06-24,21.3,21.2,20.4
2023-06-25,22.4,19.6,18.0
2023-06-26,18.4,15.7,15.3
2023-06-27,18.6,16.2,15.8
2023-06-28,20.3,18.4,15.8
2023-06-29,18.5,15.1,14.5
2023-06-30,16.4,14.8,14.9
2023-07-01,19.0,15.7,14.9
2023-07-02,16.4,14.3,13.1
2023-07-03,15.7,12.7,13.0
2023-07-04,15.0,13.6,13.4
2023-07-05,15.4,14.0,13.8
2023-07-06,16.2,16.0,14.6
2023-07-07,20.5,19.5,18.5
2023-07-08,21.5,20.4,19.7
2023-07-09,18.6,17.1,17.7
2023-07-10,18.7,15.8,16.0
2023-07-11,19.2,15.7,15.7
2023-07-12,17.5,14.7,14.8
2023-07-13,17.6,15.3,14.7
2023-07-14,16.8,15.4,15.0
2023-07-15,17.0,16.2,16.1
2023-07-16,16.9,15.0,14.9
2023-07-17,16.8,14.1,13.9
2023-07-18,17.1,13.6,13.4
2023-07-19,17.9,15.3,14.5
2023-07-20,17.4,13.9,14.0
2023-07-21,16.4,13.9,14.5
2023-07-22,15.4,15.1,13.4
2023-07-23,18.8,15.5,13.3
2023-07-24,15.6,14.3,13.0
2023-07-25,15.6,13.2,13.4
2023-07-26,15.8,14.4,14.9
2023-07-27,19.1,17.0,15.6
2023-07-28,18.6,17.2,17.0
2023-07-29,18.2,16.2,15.8
2023-07-30,17.0,15.4,15.1
2023-07-31,18.0,15.7,15.0
2023-08-01,17.6,14.7,14.4
2023-08-02,17.2,15.4,14.0
2023-08-03,16.9,15.3,15.0
2023-08-04,16.5,14.8,14.4
2023-08-05,15.1,12.6,12.3
2023-08-06,14.7,13.1,12.7
2023-08-07,15.5,14.0,13.6
2023-08-08,14.9,14.7,13.8
2023-08-09,17.5,16.1,14.8
2023-08-10,19.5,20.6,19.4
2023-08-11,20.0,19.1,18.6
2023-08-12,17.7,17.1,17.4
2023-08-13,18.0,16.4,16.4
2023-08-14,18.1,16.6,15.6
2023-08-15,17.9,15.6,15.9
2023-08-16,18.3,16.4,14.8
2023-08-17,18.6,17.6,15.6
2023-08-18,19.9,17.2,15.3
2023-08-19,19.9,18.9,17.9
2023-08-20,18.9,17.3,17.7
2023-08-21,18.3,16.9,17.9
2023-08-22,19.2,16.7,17.0
2023-08-23,19.3,16.3,15.5
2023-08-24,20.0,15.2,15.0
2023-08-25,16.7,12.7,13.1
2023-08-26,15.1,13.7,13.6
2023-08-27,15.2,12.6,14.0
2023-08-28,15.6,13.5,13.9
2023-08-29,15.6,14.3,13.9
2023-08-30,15.6,13.4,12.9
2023-08-31,14.1,13.6,13.2
2023-09-01,17.7,16.1,13.1
2023-09-02,18.6,17.3,14.7
2023-09-03,18.5,16.3,17.8
2023-09-04,20.0,18.8,17.6
2023-09-05,20.8,19.0,15.0
2023-09-06,22.0,19.7,15.4
2023-09-07,22.9,21.2,16.4
2023-09-08,23.4,20.5,16.8
2023-09-09,24.1,20.7,20.1
2023-09-10,23.1,20.0,18.6
2023-09-11,20.8,18.0,16.6
2023-09-12,18.8,14.8,12.1
2023-09-13,16.1,13.4,12.0
2023-09-14,17.0,15.6,14.2
2023-09-15,17.5,16.8,11.7
2023-09-16,18.7,15.3,11.5
2023-09-17,18.2,16.6,13.5
2023-09-18,16.8,13.9,13.1
2023-09-19,16.8,15.3,12.7
2023-09-20,17.8,15.6,15.4
2023-09-21,13.9,11.2,11.8
2023-09-22,12.4,10.8,11.8
2023-09-23,12.7,11.9,11.1
2023-09-24,17.0,16.9,16.2
2023-09-25,17.9,15.3,15.3
2023-09-26,17.2,15.0,14.2
2023-09-27,17.4,14.8,13.0
2023-09-28,16.7,14.8,14.7
2023-09-29,16.8,13.7,13.3
2023-09-30,14.7,12.6,12.4
2023-10-01,18.2,16.4,15.2
2023-10-02,17.7,13.2,13.1
2023-10-03,14.6,12.2,12.3
2023-10-04,13.8,13.2,12.2
2023-10-05,14.7,14.1,13.4
2023-10-06,16.5,17.0,14.9
2023-10-07,17.6,16.6,11.1
2023-10-08,16.7,15.7,12.9
2023-10-09,16.7,15.0,15.6
2023-10-10,16.5,15.8,16.8
2023-10-11,17.2,13.3,10.6
2023-10-12,15.0,9.3,9.3
2023-10-13,16.8,11.8,9.7
2023-10-14,9.6,7.9,7.1
2023-10-15,6.8,5.6,6.8
2023-10-16,7.8,6.9,7.3
2023-10-17,11.7,10.0,7.3
2023-10-18,13.0,12.4,11.0
2023-10-19,15.7,14.5,12.0
2023-10-20,14.1,11.9,8.9
2023-10-21,12.7,9.2,7.7
2023-10-22,9.9,8.6,7.7
2023-10-23,10.9,9.7,6.9
2023-10-24,10.3,9.7,9.6
2023-10-25,10.2,7.1,9.1
2023-10-26,11.1,8.9,9.4
2023-10-27,10.0,9.2,10.3
2023-10-28,11.8,9.8,10.3
2023-10-29,10.7,10.1,9.8
2023-10-30,10.7,9.7,8.2
2023-10-31,10.0,9.2,7.5
2023-11-01,12.0,10.3,8.3
2023-11-02,10.3,9.0,7.2
2023-11-03,9.4,9.2,8.7
2023-11-04,8.6,7.5,7.8
2023-11-05,8.9,7.8,7.8
2023-11-06,8.8,7.4,8.0
2023-11-07,7.8,7.8,7.5
2023-11-08,9.4,7.8,7.5
2023-11-09,8.0,6.8,4.7
2023-11-10,6.5,5.0,3.7
2023-11-11,5.3,4.3,4.3
2023-11-12,7.0,6.2,4.6
2023-11-13,12.3,10.2,7.7
2023-11-14,10.3,9.4,7.4
2023-11-15,8.5,8.8,7.2
2023-11-16,5.7,5.4,5.6
2023-11-17,6.2,6.5,6.2
2023-11-18,12.3,11.2,9.2
2023-11-19,11.9,11.1,10.8
2023-11-20,9.9,9.2,9.6
2023-11-21,9.2,7.7,6.6
2023-11-22,7.0,9.2,11.2
2023-11-23,10.6,11.0,10.1
2023-11-24,6.5,4.4,4.3
2023-11-25,1.5,0.1,1.0
2023-11-26,3.8,2.0,2.5
2023-11-27,7.7,4.7,5.1
2023-11-28,3.6,2.8,2.3
2023-11-29,1.2,-1.0,0.8
2023-11-30,0.1,0.1,1.0
2023-12-01,-0.1,-2.2,-2.0
2023-12-02,-2.4,-1.6,-0.9
2023-12-03,4.6,1.5,1.6
2023-12-04,6.4,3.6,3.2
2023-12-05,5.2,3.5,3.3
2023-12-06,2.5,0.7,0.3
2023-12-07,6.5,5.9,4.4
2023-12-08,7.9,6.9,7.1
2023-12-09,9.6,8.3,7.7
2023-12-10,9.3,7.5,5.8
2023-12-11,8.3,7.2,5.2
2023-12-12,9.2,7.5,6.1
2023-12-13,7.0,4.6,4.4
2023-12-14,4.5,4.4,6.9
2023-12-15,5.0,6.7,9.0
2023-12-16,8.8,10.1,11.2
2023-12-17,8.9,9.6,11.1
2023-12-18,10.0,11.7,11.1
2023-12-19,9.8,8.2,6.8
2023-12-20,7.9,9.0,8.7
2023-12-21,11.0,9.3,8.3
2023-12-22,9.9,8.9,7.2
2023-12-23,9.5,9.7,10.2
2023-12-24,12.4,11.3,9.2
2023-12-25,12.2,9.0,6.5
2023-12-26,7.0,6.0,3.0
2023-12-27,10.1,8.4,5.4
2023-12-28,10.6,8.0,6.6
2023-12-29,8.5,6.0,4.3
2023-12-30,9.1,6.7,2.5
2023-12-31,8.2,5.9,4.2
2024-01-01,7.9,6.2,3.8
2024-01-02,11.0,8.2,5.6
2024-01-03,8.3,6.5,6.6
2024-01-04,6.8,5.0,5.5
2024-01-05,5.7,3.8,4.1
2024-01-06,4.8,0.7,2.5
2024-01-07,3.1,1.1,0.1
2024-01-08,1.9,1.7,2.0
2024-01-09,1.6,2.2,2.0
2024-01-10,1.9,4.0,4.6
2024-01-11,2.6,5.1,4.7
2024-01-12,5.1,3.6,2.6
2024-01-13,3.2,4.2,4.8
2024-01-14,3.6,1.3,1.4
2024-01-15,-0.8,-1.6,-1.1
2024-01-16,-1.5,0.8,0.3
2024-01-17,0.1,-0.8,-2.0
2024-01-18,-2.3,-2.9,-1.5
2024-01-19,-0.7,0.6,3.0
2024-01-20,2.6,4.1,6.8
2024-01-21,9.2,9.0,8.2
2024-01-22,9.3,7.2,6.1
2024-01-23,8.9,8.4,8.1
2024-01-24,9.4,7.5,7.7
2024-01-25,9.2,8.8,8.5
2024-01-26,7.6,6.8,6.6
2024-01-27,3.8,5.6,8.1
2024-01-28,5.9,7.8,9.1
2024-01-29,10.8,10.2,5.2
2024-01-30,8.3,5.6,4.6
2024-01-31,7.6,5.1,6.1
2024-02-01,5.9,5.3,6.8
2024-02-02,9.4,9.5,10.8
2024-02-03,11.3,9.3,7.7
2024-02-04,11.4,9.9,8.4
2024-02-05,9.6,9.4,9.7
2024-02-06,11.7,7.9,5.5
2024-02-07,5.8,2.8,1.4
2024-02-08,7.4,2.2,1.1
2024-02-09,10.5,5.8,3.6
2024-02-10,9.2,5.8,4.7
2024-02-11,7.1,5.3,5.1
2024-02-12,4.8,4.5,4.8
2024-02-13,8.0,6.4,4.8
2024-02-14,12.1,10.8,5.4
2024-02-15,12.9,12.4,9.7
2024-02-16,10.4,9.5,8.1
2024-02-17,10.0,10.6,9.3
2024-02-18,11.3,10.1,10.1
2024-02-19,9.0,8.1,8.9
2024-02-20,8.6,8.8,8.8
2024-02-21,10.0,9.3,7.8
2024-02-22,7.9,6.0,5.3
2024-02-23,4.7,3.3,4.5
2024-02-24,2.9,2.4,2.7
2024-02-25,4.6,3.8,2.2
2024-02-26,6.1,4.7,3.0
2024-02-27,4.8,3.3,6.0
2024-02-28,8.5,6.4,7.7
2024-02-29,9.1,7.5,6.3
2024-03-01,5.1,2.8,2.8
2024-03-02,5.0,2.7,4.0
2024-03-03,3.8,3.2,4.8
2024-03-04,5.3,4.8,4.1
2024-03-05,7.0,6.4,7.2
2024-03-06,5.5,4.8,5.7
2024-03-07,6.7,6.0,6.5
2024-03-08,6.7,5.7,5.1
2024-03-09,8.9,6.6,5.3
2024-03-10,8.0,6.9,5.7
2024-03-11,8.0,6.7,5.7
2024-03-12,10.1,9.5,7.4
2024-03-13,11.4,11.3,9.7
2024-03-14,11.6,11.5,6.4
2024-03-15,11.7,9.4,6.1
2024-03-16,9.3,6.8,5.5
2024-03-17,11.4,11.2,10.5
2024-03-18,10.7,9.9,10.0
2024-03-19,11.1,11.0,10.2
2024-03-20,12.0,9.4,6.2
2024-03-21,10.6,8.8,8.5
2024-03-22,9.5,8.2,6.5
2024-03-23,6.3,5.4,6.0
2024-03-24,7.8,6.6,6.4
2024-03-25,7.8,7.1,4.6
2024-03-26,9.2,8.6,3.8
2024-03-27,7.3,6.6,4.5
2024-03-28,8.0,7.1,5.7
2024-03-29,9.3,7.8,7.0
2024-03-30,8.7,8.2,7.7
2024-03-31,8.6,8.6,6.9
2024-04-01,9.6,7.5,6.0
2024-04-02,10.3,8.0,6.7
2024-04-03,11.4,9.5,5.9
2024-04-04,12.1,9.5,5.0
2024-04-05,13.7,13.2,6.2
2024-04-06,16.0,14.6,12.7
2024-04-07,12.6,11.1,9.9
2024-04-08,12.1,11.6,9.6
2024-04-09,9.3,7.9,7.5
2024-04-10,9.5,8.7,9.0
2024-04-11,14.5,14.0,13.6
2024-04-12,14.1,13.1,13.4
2024-04-13,14.1,11.2,9.8
2024-04-14,10.5,8.7,8.1
2024-04-15,8.5,6.9,6.8
2024-04-16,8.8,7.7,7.5
2024-04-17,7.3,6.4,5.1
2024-04-18,8.4,6.2,7.3
2024-04-19,10.0,9.2,7.9
2024-04-20,6.9,6.7,6.9
2024-04-21,7.3,7.6,7.5
2024-04-22,6.2,8.0,9.3
2024-04-23,7.6,8.4,6.9
2024-04-24,6.7,6.4,6.7
2024-04-25,7.2,5.7,5.4
2024-04-26,7.3,5.2,4.8
2024-04-27,9.0,7.0,5.4
2024-04-28,8.2,7.0,6.6
2024-04-29,10.4,10.2,9.5
2024-04-30,12.5,12.8,12.6
2024-05-01,14.0,13.5,10.3
2024-05-02,13.8,13.8,9.7
2024-05-03,10.6,11.1,9.8
2024-05-04,11.4,11.0,10.5
2024-05-05,11.5,12.6,13.4
2024-05-06,11.7,12.2,10.9
2024-05-07,13.6,13.4,10.9
2024-05-08,13.2,13.9,13.3
2024-05-09,15.3,13.9,14.8
2024-05-10,15.4,16.5,16.3
2024-05-11,15.2,17.4,16.2
2024-05-12,17.6,17.9,16.6
2024-05-13,15.2,15.4,14.1
2024-05-14,14.7,15.0,14.8
2024-05-15,14.9,14.9,12.8
2024-05-16,13.8,14.3,11.8
2024-05-17,15.2,15.6,12.0
2024-05-18,15.2,16.2,12.4
2024-05-19,15.2,15.8,11.5
2024-05-20,14.4,13.9,11.3
2024-05-21,13.2,14.1,11.1
2024-05-22,13.6,13.5,12.4
2024-05-23,14.1,11.3,11.7
2024-05-24,13.0,11.8,12.7
2024-05-25,14.7,13.7,13.0
2024-05-26,14.9,13.2,12.0
2024-05-27,12.9,11.6,12.4
2024-05-28,14.2,13.4,12.7
2024-05-29,15.4,12.9,13.5
2024-05-30,13.8,13.2,13.7
2024-05-31,13.2,13.0,13.3
2024-06-01,13.2,13.3,14.3
2024-06-02,15.4,13.0,13.1
2024-06-03,16.1,13.9,14.3
2024-06-04,15.6,12.0,11.6
2024-06-05,12.1,9.8,9.2
2024-06-06,13.0,11.0,9.9
2024-06-07,13.8,12.2,10.6
2024-06-08,13.8,11.7,10.5
2024-06-09,12.7,10.8,11.1
2024-06-10,11.8,11.0,10.0
2024-06-11,11.1,10.1,10.0
2024-06-12,12.1,10.0,10.5
2024-06-13,12.4,10.7,10.9
2024-06-14,14.9,13.4,12.6
2024-06-15,13.4,11.0,11.0
2024-06-16,15.0,12.4,11.7
2024-06-17,15.9,13.3,13.2
2024-06-18,16.4,13.3,12.6
2024-06-19,15.0,13.7,13.3
2024-06-20,15.4,14.9,14.3
2024-06-21,17.1,15.9,15.7
2024-06-22,17.4,15.2,15.2
2024-06-23,17.9,16.0,15.6
2024-06-24,20.4,18.1,18.1
2024-06-25,20.8,19.7,15.9
2024-06-26,21.7,20.6,16.5
2024-06-27,19.4,16.6,15.4
2024-06-28,16.8,14.0,13.3
2024-06-29,17.6,13.7,13.0
2024-06-30,17.0,12.9,13.6
2024-07-01,16.6,12.7,13.8
2024-07-02,15.2,13.3,12.4
2024-07-03,15.5,13.5,12.4
2024-07-04,15.9,13.1,11.4
2024-07-05,16.3,13.6,12.9
2024-07-06,14.5,12.0,11.7
2024-07-07,13.6,12.1,12.7
2024-07-08,14.7,14.4,13.4
2024-07-09,17.1,16.2,12.5
2024-07-10,17.6,16.0,14.0
2024-07-11,16.9,14.3,12.9
2024-07-12,14.9,13.1,13.4
2024-07-13,14.6,13.3,12.2
2024-07-14,16.1,13.9,13.8
2024-07-15,16.5,15.6,15.4
2024-07-16,17.4,15.5,15.0
2024-07-17,17.5,16.6,16.4
2024-07-18,19.4,18.3,16.5
2024-07-19,22.4,20.2,17.9
2024-07-20,19.9,18.8,16.9
2024-07-21,19.0,14.9,14.2
2024-07-22,18.4,16.6,14.2
2024-07-23,19.2,17.0,15.2
2024-07-24,18.7,16.4,16.8
2024-07-25,17.9,17.2,16.1
2024-07-26,17.8,15.1,14.7
2024-07-27,17.4,14.5,15.1
2024-07-28,18.4,16.6,17.0
2024-07-29,20.5,18.4,16.9
2024-07-30,22.3,17.8,16.0
2024-07-31,21.4,19.7,13.3
2024-08-01,21.5,18.9,16.6
2024-08-02,21.2,18.4,17.8
2024-08-03,20.1,16.2,14.9
2024-08-04,17.3,16.0,15.6
2024-08-05,19.2,19.7,19.8
2024-08-06,18.8,17.5,16.6
2024-08-07,17.1,15.3,15.0
2024-08-08,17.8,17.1,15.5
2024-08-09,20.3,17.1,15.7
2024-08-10,19.1,17.0,15.9
2024-08-11,21.0,18.5,16.0
2024-08-12,24.3,19.3,18.3
2024-08-13,19.6,16.8,16.0
2024-08-14,19.9,16.2,15.5
2024-08-15,18.8,15.3,15.2
2024-08-16,19.3,13.8,14.5
2024-08-17,17.2,13.7,15.3
2024-08-18,18.2,14.4,14.5
2024-08-19,17.0,15.3,15.3
2024-08-20,18.9,15.2,14.0
2024-08-21,16.2,15.0,13.8
2024-08-22,17.7,15.6,15.2
2024-08-23,18.7,15.0,13.3
2024-08-24,15.5,13.7,13.0
2024-08-25,15.1,13.5,12.7
2024-08-26,17.6,15.8,14.4
2024-08-27,18.5,16.6,17.3
2024-08-28,20.1,16.6,17.1
2024-08-29,17.0,13.9,13.7
2024-08-30,16.3,14.3,13.4
2024-08-31,17.2,14.5,13.3
2024-09-01,20.8,17.0,14.0
2024-09-02,19.5,17.2,14.6
2024-09-03,18.2,14.7,13.2
2024-09-04,16.2,13.2,11.7
2024-09-05,17.4,15.4,13.7
2024-09-06,18.0,19.3,14.9
2024-09-07,16.6,17.8,14.6
2024-09-08,16.1,16.9,14.3
2024-09-09,15.1,14.0,12.5
2024-09-10,14.2,12.7,11.5
2024-09-11,11.1,9.6,9.4
2024-09-12,9.7,9.0,9.0
2024-09-13,10.8,9.1,9.8
2024-09-14,11.8,13.7,14.7
2024-09-15,13.6,12.9,14.2
2024-09-16,15.0,11.9,12.1
2024-09-17,14.9,12.5,16.3
2024-09-18,17.5,13.1,14.3
2024-09-19,18.3,14.6,10.5
2024-09-20,17.5,14.9,12.5
2024-09-21,18.3,16.3,12.5
2024-09-22,17.3,14.4,12.0
2024-09-23,15.7,14.0,11.3
2024-09-24,14.5,12.4,10.3
2024-09-25,13.7,10.8,8.0
2024-09-26,13.7,11.4,9.5
2024-09-27,10.5,9.1,8.5
2024-09-28,9.3,8.6,8.4
2024-09-29,11.1,9.9,10.5
2024-09-30,13.9,11.4,11.0
2024-10-01,12.5,11.9,11.0
2024-10-02,13.7,12.0,10.7
2024-10-03,11.3,10.5,8.7
2024-10-04,10.2,11.0,11.5
2024-10-05,11.8,11.7,12.5
2024-10-06,13.8,12.5,11.8
2024-10-07,14.1,12.4,12.1
2024-10-08,14.1,12.7,10.6
2024-10-09,13.8,12.0,8.9
2024-10-10,9.2,7.1,5.9
2024-10-11,7.2,6.4,8.5
2024-10-12,10.6,7.6,7.7
2024-10-13,7.9,6.8,5.5
2024-10-14,10.3,9.3,6.2
2024-10-15,13.3,11.7,9.4
2024-10-16,17.3,15.4,13.6
2024-10-17,14.5,13.3,13.8
2024-10-18,11.5,11.8,12.5
2024-10-19,13.6,12.1,11.1
2024-10-20,14.0,13.1,11.8
2024-10-21,12.3,11.7,11.5
2024-10-22,11.2,10.3,10.6
2024-10-23,11.5,10.3,11.8
2024-10-24,12.6,12.2,12.2
2024-10-25,13.8,13.8,10.8
2024-10-26,11.6,10.4,11.6
2024-10-27,10.2,8.8,9.1
2024-10-28,13.6,13.3,13.6
2024-10-29,13.9,12.5,12.5
2024-10-30,10.5,11.6,12.1
2024-10-31,9.8,10.3,13.0
2024-11-01,10.1,11.2,11.8
2024-11-02,12.2,11.2,11.5
2024-11-03,11.9,11.1,10.9
2024-11-04,10.9,10.1,9.4
2024-11-05,10.8,9.9,7.7
2024-11-06,10.9,11.2,12.9
2024-11-07,10.9,11.0,11.9
2024-11-08,8.7,8.9,9.1
2024-11-09,7.9,6.5,7.1
2024-11-10,8.6,9.1,9.1
2024-11-11,8.8,6.3,7.8
2024-11-12,8.9,5.6,6.0
2024-11-13,8.6,6.5,10.5
2024-11-14,9.5,8.8,8.3
2024-11-15,8.1,6.7,11.4
2024-11-16,7.5,9.3,7.6
2024-11-17,8.2,5.3,3.2
2024-11-18,7.1,2.6,0.6
2024-11-19,4.2,1.4,0.1
2024-11-20,1.5,0.3,0.1
2024-11-21,0.6,-0.3,0.6
2024-11-22,3.0,0.8,1.2
2024-11-23,8.7,7.7,3.1
2024-11-24,15.9,12.4,10.6
2024-11-25,10.0,7.6,7.5
2024-11-26,6.9,4.3,4.8
2024-11-27,5.9,3.1,3.2
2024-11-28,2.4,1.6,1.8
2024-11-29,6.3,7.2,8.1
2024-11-30,11.5,11.9,12.6
2024-12-01,11.7,11.6,11.6
2024-12-02,8.9,7.7,5.5
2024-12-03,5.6,3.2,2.8
2024-12-04,6.2,6.5,6.2
2024-12-05,11.8,9.8,8.6
2024-12-06,8.1,7.4,5.5
2024-12-07,8.0,7.2,6.1
2024-12-08,7.1,6.6,5.9
2024-12-09,7.3,7.0,4.9
2024-12-10,6.7,4.7,0.8
2024-12-11,6.2,4.6,-1.3
2024-12-12,6.4,5.6,0.6
2024-12-13,5.1,5.3,3.3
2024-12-14,5.4,5.9,5.0
2024-12-15,9.1,10.5,11.0
2024-12-16,10.1,9.8,10.2
2024-12-17,8.5,8.7,9.5
2024-12-18,12.7,10.7,9.7
2024-12-19,6.6,5.1,3.4
2024-12-20,5.5,6.0,6.4
2024-12-21,8.2,7.5,6.9
2024-12-22,5.6,4.5,4.7
2024-12-23,5.2,5.1,5.8
2024-12-24,9.4,10.8,12.5
2024-12-25,9.3,9.3,10.9
2024-12-26,7.4,7.0,10.1
2024-12-27,6.5,4.7,9.0
2024-12-28,5.4,4.9,9.0
2024-12-29,5.8,7.6,9.5
2024-12-30,7.4,8.2,9.6
2024-12-31,9.5,9.5,9.3
2025-01-01,8.8,6.2,3.5
2025-01-02,31.107096671814855,43.92894517933578,45.03056723786519
2025-01-03,44.45588927793057,61.151531941729104,58.01550997019066
2025-01-04,64.25708175893324,70.61539720985213,54.27465444109572
2025-01-05,57.05589433717675,55.415536736924196,52.59984515267687
2025-01-06,59.84959549648649,53.464240232973744,68.7587610057504
2025-01-07,58.280470163957844,56.45436692681383,35.770335435472816
2025-01-08,21.236882067314326,59.936006192115215,45.7622031653477
2025-01-09,41.342526530657125,68.21260593379779,41.929138080959355
2025-01-10,35.700004833729736,61.49747667051223,41.06375214041082
2025-01-11,41.233286186025545,61.00478884366905,45.85666220124854
2025-01-12,52.38795398717033,51.858039493326366,45.44554105914184
2025-01-13,52.98724142922799,57.28842596600384,42.22214138057476
2025-01-14,51.35972292742521,65.47518426408256,27.572225457216426
2025-01-15,34.62854414159255,62.230575334162516,41.94679748502486
2025-01-16,46.86348187028672,55.23747024262792,60.70765097919314
2025-01-17,47.22762211439609,49.98177520264457,47.81219478182765
2025-01-18,54.37292587848528,54.502335301964614,71.81563787732806
2025-01-19,43.167476618087136,65.47559813929443,54.93945368372119
2025-01-20,49.44370500739329,51.262850487062195,68.82867845691791
2025-01-21,36.814589861487235,48.76936948580459,49.63907054169366
2025-01-22,53.84698034483256,55.14301976657614,61.03946968778351
2025-01-23,53.89551608044899,43.238972025673355,54.02817823299375
2025-01-24,50.07611616418804,54.69384661748496,46.02488407577677
2025-01-25,53.87418786537192,57.02151608752145,62.80289113419775
2025-01-26,71.42651685968039,51.391171289759114,46.354962101962236
2025-01-27,65.05362876729865,42.26483326843333,61.413395214456074
2025-01-28,52.569881268242135,49.02437310617263,44.30910432082204
2025-01-29,46.81633579781969,60.51832349973494,70.4153429313699
2025-01-30,60.47805807719605,41.128306419103346,27.428863327109294
2025-01-31,45.49732485943653,48.745295459335,34.87963085692128
2025-02-01,39.849055716628094,49.278148286888175,41.27668129192166
2025-02-02,51.323423607235846,43.310491738983025,37.680279733256974
2025-02-03,45.17978233947085,47.862674503255576,55.523299232782804
2025-02-04,40.278883320529445,38.628379969377534,39.44637965201085
2025-02-05,61.12224565312018,57.55038423174134,51.677894796599304
2025-02-06,38.03930317850104,43.52575927920184,43.903372514589925
2025-02-07,36.93305818462564,53.158440402526175,40.27242082504499
2025-02-08,45.160551566513355,51.527071728459035,34.45309061990385
2025-02-09,55.14851548785254,51.371711085510825,56.7760272530304
2025-02-10,46.14925518202428,56.649435598991914,58.74975767596636
2025-02-11,41.729041697422865,47.63679439500151,58.221914730662654
2025-02-12,53.672005275121215,36.697810779922975,26.929340440782937
2025-02-13,47.473875692466194,32.57961334542814,39.36523499956792
2025-02-14,53.13749125294478,32.42546597404269,48.41861672010544
2025-02-15,37.603659175846104,48.924385224519874,54.607954576199226
2025-02-16,50.43243116271979,69.57702204053747,35.22354944514172
2025-02-17,35.68907074234724,64.75564627623122,42.459400545231325
2025-02-18,60.24616888675558,44.79872675771197,65.44690590068099
2025-02-19,62.28582644441041,62.07566228591928,50.66688445937561
2025-02-20,38.17717803053194,63.97745631464001,45.111898499857126
2025-02-21,54.36715078890915,53.577869221562146,47.580833201656
2025-02-22,39.53075095732631,41.145197347112926,67.44026967887383
2025-02-23,43.57732238018603,60.84420838706148,53.32862878408541
2025-02-24,52.89777967506301,51.564979194003655,73.3284909242034
2025-02-25,52.43696136009346,38.529805815663764,46.10663503695271
2025-02-26,50.027815043138716,30.86702408911372,52.40447363796492
2025-02-27,60.25481547434803,50.77305128914771,47.78480522089264
2025-02-28,57.443409122261016,55.21462543976821,43.25609614182716
2025-03-01,60.527333939493936,57.2968269562399,45.03606307401604
2025-03-02,47.438757980002464,50.23225045752077,41.56631994201573
2025-03-03,49.63164255443849,48.00933496309261,47.83465505891059
2025-03-04,57.72381260671645,41.382602043914204,34.92817886920312
2025-03-05,46.62087754283376,46.30693587425082,63.162859527221
2025-03-06,29.366479808870167,57.711604980205266,36.947648293085834
2025-03-07,63.95166023629954,42.955738176817476,48.07998014848883
2025-03-08,45.494814150670315,37.51451380214198,41.214720509173915
2025-03-09,45.87642088369029,34.80990007929024,52.67912674451505
2025-03-10,49.5987168846242,41.06165958012462,52.82093508425732
2025-03-11,43.55977047948655,31.157699999704974,55.494185007085285
2025-03-12,65.06799260685912,52.14948056728015,56.55027001735086
2025-03-13,45.64063832628627,54.39665873989036,43.96508032659768
2025-03-14,48.34930587846868,50.67912268945569,56.15532614057737
2025-03-15,60.1169570403527,52.87587831446642,63.20244671410306
2025-03-16,54.28779025483215,54.52255122769889,53.48190544697541
2025-03-17,50.73101884181134,55.9814468719512,57.70791586296232
2025-03-18,58.539302179591104,58.54831591740828,49.6824669661374
2025-03-19,57.15238806160481,36.87886658421803,44.08771772006323
2025-03-20,54.397803194966805,54.17466464914901,45.30345010626129
2025-03-21,39.98231660249063,57.35751934485179,35.45038809037799
2025-03-22,46.427781010585015,63.60650549753145,55.35906725669403
2025-03-23,48.66982939156735,72.0209319617273,55.04942948196325
2025-03-24,57.24488295430083,66.65832867685576,46.40171650937334
2025-03-25,59.48193388285493,62.79839243248682,50.00590376116556
2025-03-26,47.43586902591679,45.604560348411724,51.75301404279227
2025-03-27,49.33614210546013,39.06080815165054,48.86779093166937
2025-03-28,53.0482201868645,75.90009287003434,49.21775928777459
2025-03-29,39.175270324139625,43.68242137379518,46.433875060654955
2025-03-30,48.18332212739358,54.75513771889676,38.05387776849626
2025-03-31,46.677736861370065,68.21804414074121,40.86995861788118
2025-04-01,51.44216808874991,58.13887924913749,52.71039454437154
2025-04-02,70.64070771407427,48.88726608957848,44.69552078818478
2025-04-03,60.51831416766578,38.222328333714636,62.85319405040286
2025-04-04,69.20001872564038,38.02993197353319,57.14889355567237
2025-04-05,64.79148808075902,48.907240042367214,38.44804674380908
2025-04-06,51.4072056039333,45.233881529042996,55.5089527420548
2025-04-07,30.139671456640123,51.9270075970699,48.70707380573712
2025-04-08,43.1502573266236,49.23424954809957,63.33033510415017
2025-04-09,37.446316183050925,58.65175448250877,36.16827096672164
2025-04-10,45.02015339374622,50.038438798409615,48.65437535665054
2025-04-11,50.70385293068061,62.26469597027558,40.60412907759646
2025-04-12,41.78251513866594,60.057694795770814,48.73088138204211
2025-04-13,42.70075710599988,52.32506276837529,41.20242445224524
2025-04-14,73.6193406293417,47.32577081732721,48.738965668717135
2025-04-15,38.70513100198259,61.06896700885752,38.141643254413154
2025-04-16,40.078688462331186,58.38416943808612,49.07806311829898
2025-04-17,45.845111172210196,42.62245726465491,63.71702819395036
2025-04-18,49.22389245887713,54.12292127064404,55.464944923364094
2025-04-19,59.48364871509792,56.28092270354922,47.70218828729915
2025-04-20,45.67215550392075,52.04556524743607,43.54267677953238
2025-04-21,65.66306110734763,63.65554968750542,53.14399042381884
2025-04-22,53.43619593211366,40.27816960628529,41.35252216720093
2025-04-23,57.74901977415257,37.90845195077241,59.78306364395366
2025-04-24,54.758547224900845,46.88764331263851,55.17504571756833
2025-04-25,55.11003147772547,34.277804454221794,44.691525804031635
2025-04-26,66.92058227058084,45.41989632790178,61.89366608209737
2025-04-27,55.37972518786493,39.56989806147087,55.543901659295635
2025-04-28,57.94950480573158,44.55996362254446,54.07240395058485
2025-04-29,58.41449406325586,58.23598060027585,56.22454596052578
2025-04-30,32.769624769798064,49.170568105066124,46.72155733257044
2025-05-01,49.50863156847447,51.19260145997949,48.54522904116002
2025-05-02,42.20279611960127,44.613773775061254,51.555984392693205
2025-05-03,44.177444852909396,54.72208884734843,47.55085466135575
2025-05-04,53.20137254497079,57.13489823027364,47.329741403802984
2025-05-05,56.837931659701184,55.90619498293498,57.804299520647774
2025-05-06,55.785595414403446,56.0298770409623,42.246481718758226
2025-05-07,47.61414804751741,52.09522079490645,35.164319918435744
2025-05-08,59.320932991078394,51.22108879069914,44.954419990902224
2025-05-09,57.94931472927032,47.648893914416696,49.25031576026198
2025-05-10,57.281019514917055,52.22803478848907,55.45331242780448
2025-05-11,53.03214776263281,39.644524969638596,43.056240715285554
2025-05-12,57.11591421050001,46.0201157076094,53.25761863481259
2025-05-13,47.632596323490134,76.2105448325552,45.93003791510909
2025-05-14,55.59734056029049,45.245489779166064,51.04158520335461
2025-05-15,71.82904824664276,39.95726409460589,67.17410981745157
2025-05-16,43.59783036226989,46.77362619578148,57.55112698453153
2025-05-17,59.05522913246034,44.993494636460525,51.54861992252655
2025-05-18,53.80619682288101,33.81331481653448,48.957101384330464
2025-05-19,75.79953805512932,43.614531341819664,62.27266833856411
2025-05-20,31.255386797297582,46.77864670037698,38.92005784312276
2025-05-21,51.89455816581634,49.96819234581035,59.71337870434332
2025-05-22,63.44426582591524,52.65226715428414,42.38362178985334
2025-05-23,54.35505936901644,58.312319962664105,54.66223051291771
2025-05-24,33.94020765735286,54.42948793303147,35.810635618747455
2025-05-25,34.21079011836801,50.12743087706869,53.710304012227624
2025-05-26,50.623590407458614,37.197281897627214,54.28270673615097
2025-05-27,36.55593454930147,37.29527188520987,65.92557585885864
2025-05-28,47.430380684408306,48.10977352804822,53.53992164885707
2025-05-29,30.305963215786253,45.34261293258739,50.04925731333386
2025-05-30,60.971501804288735,52.885334140912725,40.95969728411345
2025-05-31,36.80518848630221,58.6699814888145,57.863383409063516
2025-06-01,59.71006079472809,45.79304422430038,49.03935373317729
2025-06-02,70.5448902015174,48.37123678828261,37.35600756163457
2025-06-03,47.48627363099521,51.730537754875314,62.65387042020972
2025-06-04,46.624563017380105,60.51157263532102,39.07912819026891
2025-06-05,60.461656421584195,43.30578998526512,64.91172035914718
2025-06-06,51.13532657262273,58.77940462283636,55.38603068096894
2025-06-07,42.625383364680275,52.65305659726174,47.89509101002731
2025-06-08,58.16876931019861,56.804215022039706,37.21499792438516
2025-06-09,35.89341232268762,38.21806142911606,40.16506892636789
2025-06-10,43.01126470736145,46.951068344460694,54.29466334418421
2025-06-11,50.24542235675574,46.866736115892685,54.92827856213989
2025-06-12,49.48846569198496,60.92757859656635,53.730057721759145
2025-06-13,67.01827788134786,44.31091826305215,68.0194783055441
2025-06-14,54.30599108228143,54.817343761533216,60.49626342021064
2025-06-15,67.14406093774244,37.00086146820716,53.76502721612102
2025-06-16,37.30714469436045,45.745455160723964,49.50232374580927
2025-06-17,59.26784052809166,53.42267240014646,32.8400650978425
2025-06-18,47.846692771142195,52.315054750619424,40.77694845262912
2025-06-19,49.20802420071443,43.297942616340976,30.38794198406132
2025-06-20,39.127292837346374,47.20819801729152,56.642974570274184
2025-06-21,45.4090839564467,67.67478613868555,64.19054938189375
2025-06-22,57.64455614458146,47.45709515959459,60.61336014480788
2025-06-23,42.66784677955269,47.39518114329271,70.2291014511271
2025-06-24,53.52967837932454,52.99878758495378,53.1223758701894
2025-06-25,37.37403743200842,53.273968352648005,47.862969716750975
2025-06-26,44.91141075258335,52.01246735442305,50.38070557403905
2025-06-27,42.18644752923366,70.77250622970158,51.62332963597687
2025-06-28,40.836608741102395,44.42947676826021,41.77245097728281
2025-06-29,51.32014366913546,47.69896654084115,38.665570495332666
2025-06-30,60.27931869913098,35.32341565014937,69.65300932595859
2025-07-01,38.233870347614776,51.32879749673095,51.3846907438124
2025-07-02,40.174347200933894,50.713028878147,45.469582350165034
2025-07-03,53.94908034698332,54.19374984057923,54.034020093618125
2025-07-04,51.82922512815724,48.77891341680392,44.0189975549413
2025-07-05,29.050754184455087,61.09654021199591,43.70304163416274
2025-07-06,63.03422508492091,46.227278629600065,54.25316389034301
2025-07-07,37.80716219000228,42.466997189357976,46.064025854935636
2025-07-08,52.72771363330665,32.77830986453536,56.906247360836716
2025-07-09,48.651206440400316,39.388766005377384,57.44911841623275
2025-07-10,50.157171262517636,59.12160144687787,49.38063899141235
2025-07-11,41.28089391318849,39.807932448352695,59.41439390887827
2025-07-12,55.38573937003488,52.84979763388136,68.6988155341588
2025-07-13,54.32298755293541,51.21083717602044,48.40108703784908
2025-07-14,56.747392168352526,64.5779418808746,44.85140802058171
2025-07-15,33.497595307034125,38.03788042490966,54.79507335599425
2025-07-16,46.58045267361533,36.41438483215549,55.60649704606712
2025-07-17,52.256658276083584,54.71332327468348,34.73569304923507
2025-07-18,58.28555388862651,52.78819864919248,62.06241507361894
2025-07-19,52.16770249891282,45.111173090053704,40.03547619544584
2025-07-20,71.50911272302352,40.68533555257401,46.32831312949
2025-07-21,44.412213728916434,45.080848480262915,45.05558864297903
2025-07-22,44.609526118793156,36.16226284101684,44.37294716930323
2025-07-23,58.99834793916149,69.84598517421169,42.63946797314667
2025-07-24,45.0009533797588,43.40430284117417,55.62472204157072
2025-07-25,48.4003934419796,36.521711466720916,45.33405443962858
2025-07-26,33.01948402949837,54.98049645406779,50.957762908221675
2025-07-27,65.27041704031264,54.836522725318225,40.56829477086526
2025-07-28,45.5458031599192,34.46549577541139,58.16883017085639
2025-07-29,57.295876509215084,49.072612781454225,54.580836050010774
2025-07-30,58.354077339369596,40.559461116916545,38.45144204768758
2025-07-31,50.03696586177018,40.6883670572762,63.70088811609156
2025-08-01,61.64351558421661,42.234593563104944,43.62864278680886
2025-08-02,51.51796282624563,46.099613730040254,58.22797761248633
2025-08-03,63.694326188913436,48.80938697336498,62.05227817792493
2025-08-04,58.55937186574845,50.26570079845063,46.813810303176
2025-08-05,49.36751424842312,49.98608627976036,38.59580850591199
2025-08-06,43.24902939470139,32.04874091835118,42.94358631573286
2025-08-07,54.641809492357986,53.15820136790527,54.285134965312366
2025-08-08,47.92201502866044,53.31817107107661,60.97978613316289
2025-08-09,40.27381949970151,31.765862927668454,45.641710272835304
2025-08-10,50.893825581837476,55.51403379024863,66.02839769866894
2025-08-11,51.65615779353962,53.7317583324963,43.59659198376162
2025-08-12,68.56861567549267,48.80779932466843,34.79297062079308
2025-08-13,57.272508704931234,50.77916866606173,39.46121825314897
2025-08-14,28.8872465403443,52.89119031727896,42.30895040374512
2025-08-15,49.906114064013515,58.69461881526348,47.225289893563136
2025-08-16,51.58893957775446,52.43583483651016,52.98328130494815
2025-08-17,66.83142795592624,26.16956954514167,56.78238745249445
2025-08-18,53.80849193567763,40.5546866479587,57.133020630970215
2025-08-19,59.654475476309145,64.07591452894161,50.013528411992034
2025-08-20,44.0525199969906,42.24302305444612,74.49045301308846
2025-08-21,60.409689505410824,71.21307699019152,55.458718569147614
2025-08-22,55.12806547795104,45.71139206619517,46.19780539252697
2025-08-23,49.859540682656124,43.8035062324001,34.22423540406145
2025-08-24,38.63034870770273,44.595031987759775,33.723084359976546
2025-08-25,37.33970190655532,61.456264288300304,56.15824604583192
2025-08-26,70.88091495276458,44.32910266239793,67.95597334086447
2025-08-27,57.51652991973476,52.63281048827934,47.544515304106454
2025-08-28,34.32254279697826,36.733391165777064,57.83041819988669
2025-08-29,50.25956987091541,50.40703769958538,56.34229716556924
2025-08-30,46.07711861638865,44.0267778526975,52.102423070707836
2025-08-31,57.82837051992435,57.11682181603959,57.600557841452286
2025-09-01,58.47131516162579,69.25609809009435,58.66884213039347
2025-09-02,48.60616609466746,54.97694656123873,43.43820838529528
2025-09-03,40.88350232465979,53.79991412677095,58.12428099325528
2025-09-04,46.029521170741816,48.93398002733773,58.963714344960515
2025-09-05,48.68233769356165,38.56240542521506,43.572675318612205
2025-09-06,55.30639262894111,56.78512513430713,49.211384731488224
2025-09-07,34.620641086187646,41.16009478903299,49.57752022002442
2025-09-08,31.000525906245485,54.31234028115748,44.55395362519893
2025-09-09,52.7273237800059,40.27426771172235,45.227233715449806
2025-09-10,60.17501930565466,59.574878866696274,60.64841153643558
2025-09-11,41.86668383080242,68.37874133513601,50.54837774948811
2025-09-12,51.045372231982206,57.42784006568994,44.35261173652021
2025-09-13,48.465005201283766,51.215271175720304,39.55012011426323
2025-09-14,61.99701095375841,63.488218293807805,48.06286367569152
2025-09-15,38.2180187348874,30.65623366042745,47.089648042603535
2025-09-16,66.9123351234954,57.149430520948734,56.25736662022964
2025-09-17,40.5400589432353,51.77062454760295,41.91610193214447
2025-09-18,52.62226770558015,44.84445100617369,61.68771911860638
2025-09-19,51.443055359370945,47.277985654475906,64.90637115362425
2025-09-20,54.880836215711646,39.70544820772524,53.46756216109118
2025-09-21,53.121309247139074,46.45138758645679,62.97499806571001
2025-09-22,55.92621459188868,46.65256338872743,37.553427476711995
2025-09-23,44.15989233957141,48.121938458888195,52.83449044034849
2025-09-24,49.83738881737921,38.66315068388809,38.97196611166004
2025-09-25,41.671099503939985,46.951401153891055,55.02639639122662
2025-09-26,47.39001404727601,61.92191735022776,62.61581878881168
2025-09-27,56.99229985451554,49.259803080798484,63.23258934529782
2025-09-28,44.60409666072705,64.46887252686922,58.390050854121675
2025-09-29,30.005993798077174,65.28919326247585,57.30330766164462
2025-09-30,48.36398195867116,46.94274751171935,63.644591616371535
2025-10-01,57.95520553291027,27.55674138921922,53.157010898980495
2025-10-02,50.13110401734963,44.39279938501727,58.884872061128625
2025-10-03,74.40892384131281,51.392340065331155,47.380750246207235
2025-10-04,49.410627724324165,37.37834333005257,49.45879078387976
2025-10-05,52.831689119568864,45.00153234834962,50.44292914115843
2025-10-06,35.18603136489079,63.47480089816552,61.86177705894132
2025-10-07,40.60060374969911,52.22068918666711,44.53508469035946
2025-10-08,41.18189559966147,47.36874694189115,62.21367693784154
2025-10-09,69.71969246898148,47.68094382919402,40.60550575081754
2025-10-10,55.48183221794983,39.00041638567424,52.15798995723959
2025-10-11,43.31805205741994,59.79063156933124,42.14316126884176
2025-10-12,55.9031373555237,57.615026099770716,32.4577733213872
2025-10-13,42.58313088578376,31.385068043647554,52.28869418863041
2025-10-14,42.52031258088064,51.30726147203418,58.548803444724
2025-10-15,57.883871268304354,52.731947800271556,46.405988539554194
2025-10-16,48.50856651281785,48.016950777628594,62.382120468582535
2025-10-17,44.21617483554244,32.18817133060271,32.8528078446388
2025-10-18,74.2095407639755,42.85804798335529,72.14353427704613
2025-10-19,60.10671330813018,55.68084251371836,73.57660315520252
2025-10-20,45.88753908098632,57.85059036636506,60.85573060441837
2025-10-21,60.09232164575039,51.53105265376172,28.339201150854567
2025-10-22,51.13748487068554,55.01012999391459,40.381612062944996
2025-10-23,55.55334646411963,48.7688235710499,52.218978790124396
2025-10-24,45.099639200215115,43.64649680272782,44.816606495476115
2025-10-25,63.48452976081728,60.08843483430156,64.46741336892435
2025-10-26,53.16413627809443,41.23010541915732,45.78272034001196
2025-10-27,57.18787970574172,51.1569329761759,61.37718856115658
2025-10-28,64.4994431609954,48.907039507648534,58.11379499455929
2025-10-29,48.69585806474884,73.94551358250267,48.71483941200349
2025-10-30,52.2195072891985,30.12484024357901,62.32708165723536
2025-10-31,58.19440657943638,48.42455087587156,61.26424996293948
2025-11-01,48.5181428259238,64.87668613367006,39.837639591019865
2025-11-02,44.68922301868145,49.041181205985886,46.72674819799212
2025-11-03,39.37758464994925,53.29332820099126,55.57144732912978
2025-11-04,63.17474896857926,49.432383432259684,42.70023055428918
2025-11-05,53.35259905121891,44.67206732136259,47.72310823129522
2025-11-06,46.089928623570245,37.63660846519429,58.75005042284308
2025-11-07,52.913000667843555,50.379603130008356,45.47865525637084
2025-11-08,62.737531598306205,50.803450405303465,43.087191984530186
2025-11-09,32.78218563843928,55.740731550114,56.24557459914238
2025-11-10,43.65367035722468,48.964638268819044,43.43747222564635
2025-11-11,65.21243857825415,46.59176947117476,42.12989671483666
2025-11-12,59.59434421087303,51.45903887451103,62.11161567496892
2025-11-13,65.89085107695102,59.74140813594477,51.94857700537364
2025-11-14,34.57626199331424,54.279089443869495,64.35470777638668
2025-11-15,59.35771295425821,61.012685698025386,42.98945689609774
2025-11-16,62.6506715104811,59.032469185150966,54.5235937711708
2025-11-17,50.74459677364224,53.40722988353193,55.34181046612881
2025-11-18,56.48222142463582,56.472961390706814,50.52220911147622
2025-11-19,43.63891918117236,58.722150375926425,43.413198007202915
2025-11-20,46.370450133042056,46.6393875585587,61.59938827140842
2025-11-21,64.93966590204585,36.64954231036512,24.780782945379862
2025-11-22,52.91546720801933,65.8131245653505,54.09191618023726
2025-11-23,55.99115188242049,40.143330675075916,52.89676178828137
2025-11-24,62.18644542571271,59.164854280767024,37.513575652813046
2025-11-25,47.194396804482466,66.47648697014029,35.255271573748246
2025-11-26,44.883763589994466,52.623330786730676,42.69179038310603
2025-11-27,67.8220834926451,35.321998588024684,68.67118127132588
2025-11-28,55.573510513521384,56.11189346182909,58.852484747878734
2025-11-29,62.702721966493385,41.40641377204485,46.793236793400865
2025-11-30,62.63196093732291,39.69971787817064,44.48539954396255
2025-12-01,46.61849881500799,53.93618495891224,47.74586343933063
2025-12-02,54.910649450653786,51.51478913296188,51.80225844394933
2025-12-03,53.998891095560765,39.42660731983223,44.995716520622416
2025-12-04,39.49258441892425,60.192317569446196,51.251763972367186
2025-12-05,67.91636903646459,60.178697183254805,47.96649860547419
2025-12-06,43.59436728027413,74.32083023824786,61.63788677110008
2025-12-07,49.59454681972216,34.58090788951231,55.3760350406549
2025-12-08,64.88828134528417,49.10861073797771,58.40511530845451
2025-12-09,47.878855009273735,59.38340388726119,54.252024377174365
2025-12-10,56.980253365193136,43.96652083019219,51.16722440434511
2025-12-11,61.63267809367242,20.554069303199356,53.935400634973306
2025-12-12,74.14501136092493,53.767315745001774,62.90908350326175
2025-12-13,35.48605695127925,40.34882301203712,38.10451006682729
2025-12-14,38.869875993376226,31.06418130635922,50.27645305555658
2025-12-15,63.470138898346846,49.07025464697992,36.07101099135147
2025-12-16,74.3875634752777,55.0954662678,50.07098713307414
2025-12-17,47.929339241939154,45.88530590845369,51.08442784257812
2025-12-18,45.645377833896596,43.48786668532118,53.04085070303382
2025-12-19,39.51013113658409,50.51628622783323,35.31499386939029
2025-12-20,58.134569165000734,42.361013024539474,50.86875865918525
2025-12-21,67.12878291601116,60.39554001288994,57.421857005297696
2025-12-22,43.72695828193119,52.72237954566978,66.62650607601783
2025-12-23,38.8584435362396,46.907680979550584,44.81852489375297
2025-12-24,46.32787446276001,47.27961531605799,57.09652014246028
2025-12-25,45.54188925491507,58.29694167656132,45.146784652516615
2025-12-26,43.30357538207377,49.88346980191486,33.96045829765913
2025-12-27,26.950202211106124,48.40787745446263,43.21396711263637
2025-12-28,50.360221436969624,49.87651262417736,58.91992957559176
2025-12-29,44.4672705598004,49.92670289515121,50.57469457678122
2025-12-30,69.01519093323235,64.26360618044524,68.08255463638848
2025-12-31,53.016324331213525,62.68434432848651,46.27259479008629
